# Game Level Exporter v1.0
LIGHT
Light
<Matrix 4x4 (-0.2909, -0.0552,  0.9552, 0.0000)
            (-0.7711,  0.6045, -0.1999, 0.0000)
            (-0.5664, -0.7947, -0.2184, 0.0000)
            ( 4.0762,  5.9039,  1.0055, 1.0000)>
MESH
Cube_Dirt_Center_Tall
<Matrix 4x4 ( 1.0000, 0.0000,  0.0000, 0.0000)
            ( 0.0000, 1.0000, -0.0000, 0.0000)
            ( 0.0000, 0.0000,  1.0000, 0.0000)
            (19.0000, 0.0000,  0.0000, 1.0000)>
MESH
Cube_Grass_Center_Tall
<Matrix 4x4 (1.0000, 0.0000,  0.0000, 0.0000)
            (0.0000, 1.0000, -0.0000, 0.0000)
            (0.0000, 0.0000,  1.0000, 0.0000)
            (5.0000, 0.0000,  7.0000, 1.0000)>
MESH
Cube_Grass_Corner_Tall
<Matrix 4x4 ( 1.0000, 0.0000,  0.0000, 0.0000)
            ( 0.0000, 1.0000, -0.0000, 0.0000)
            ( 0.0000, 0.0000,  1.0000, 0.0000)
            (-1.0000, 0.0000,  5.0000, 1.0000)>
MESH
Cube_Grass_CornerBottom_Tall
<Matrix 4x4 ( 1.0000, 0.0000,  0.0000, 0.0000)
            ( 0.0000, 1.0000, -0.0000, 0.0000)
            ( 0.0000, 0.0000,  1.0000, 0.0000)
            (17.0000, 2.0000, -2.0000, 1.0000)>
MESH
Cube_Grass_Side_Tall
<Matrix 4x4 ( 0.0000, 0.0000, -1.0000, 0.0000)
            (-0.0000, 1.0000, -0.0000, 0.0000)
            ( 1.0000, 0.0000,  0.0000, 0.0000)
            (-1.0000, 0.0000,  7.0000, 1.0000)>
MESH
Cube_Grass_SideBottom_Tall
<Matrix 4x4 ( 0.0000, 0.0000, -1.0000, 0.0000)
            (-0.0000, 1.0000, -0.0000, 0.0000)
            ( 1.0000, 0.0000,  0.0000, 0.0000)
            (17.0000, 2.0000,  0.0000, 1.0000)>
MESH
Cube_Grass_Side_Tall
<Matrix 4x4 (1.0000, 0.0000,  0.0000, 0.0000)
            (0.0000, 1.0000, -0.0000, 0.0000)
            (0.0000, 0.0000,  1.0000, 0.0000)
            (3.0000, 0.0000,  5.0000, 1.0000)>
MESH
Cube_Grass_Side_Tall
<Matrix 4x4 (1.0000, 0.0000,  0.0000, 0.0000)
            (0.0000, 1.0000, -0.0000, 0.0000)
            (0.0000, 0.0000,  1.0000, 0.0000)
            (5.0000, 0.0000,  5.0000, 1.0000)>
MESH
Cube_Grass_Corner_Tall
<Matrix 4x4 (-0.0000, 0.0000,  1.0000, 0.0000)
            ( 0.0000, 1.0000,  0.0000, 0.0000)
            (-1.0000, 0.0000, -0.0000, 0.0000)
            ( 7.0000, 0.0000,  5.0000, 1.0000)>
MESH
Cube_Grass_Side_Tall
<Matrix 4x4 (1.0000, 0.0000,  0.0000, 0.0000)
            (0.0000, 1.0000, -0.0000, 0.0000)
            (0.0000, 0.0000,  1.0000, 0.0000)
            (1.0000, 0.0000,  5.0000, 1.0000)>
MESH
Cube_Grass_Corner_Tall
<Matrix 4x4 ( 0.0000, 0.0000, -1.0000, 0.0000)
            (-0.0000, 1.0000, -0.0000, 0.0000)
            ( 1.0000, 0.0000,  0.0000, 0.0000)
            (-1.0000, 0.0000,  9.0000, 1.0000)>
MESH
Cube_Grass_Side_Tall
<Matrix 4x4 (-1.0000, 0.0000, -0.0017, 0.0000)
            (-0.0000, 1.0000,  0.0000, 0.0000)
            ( 0.0017, 0.0000, -1.0000, 0.0000)
            ( 3.0000, 0.0000, 11.0000, 1.0000)>
MESH
Cube_Grass_Side_Tall
<Matrix 4x4 (-1.0000, 0.0000, -0.0017, 0.0000)
            (-0.0000, 1.0000,  0.0000, 0.0000)
            ( 0.0017, 0.0000, -1.0000, 0.0000)
            ( 5.0000, 0.0000, 11.0000, 1.0000)>
MESH
Cube_Grass_Corner_Tall
<Matrix 4x4 (-1.0000, 0.0000,  0.0087, 0.0000)
            ( 0.0000, 1.0000,  0.0000, 0.0000)
            (-0.0087, 0.0000, -1.0000, 0.0000)
            ( 7.0000, 0.0000, 11.0000, 1.0000)>
MESH
Cube_Grass_Side_Tall
<Matrix 4x4 ( 0.0070, 0.0000,  1.0000, 0.0000)
            ( 0.0000, 1.0000, -0.0000, 0.0000)
            (-1.0000, 0.0000,  0.0070, 0.0000)
            ( 7.0000, 0.0000,  7.0000, 1.0000)>
MESH
Cube_Grass_Center_Tall
<Matrix 4x4 (1.0000, 0.0000,  0.0000, 0.0000)
            (0.0000, 1.0000, -0.0000, 0.0000)
            (0.0000, 0.0000,  1.0000, 0.0000)
            (3.0000, 0.0000,  7.0000, 1.0000)>
MESH
Cube_Grass_Center_Tall
<Matrix 4x4 (1.0000, 0.0000,  0.0000, 0.0000)
            (0.0000, 1.0000, -0.0000, 0.0000)
            (0.0000, 0.0000,  1.0000, 0.0000)
            (1.0000, 0.0000,  7.0000, 1.0000)>
MESH
Cube_Grass_Corner_Tall
<Matrix 4x4 ( 0.0000, 0.0000, -1.0000, 0.0000)
            (-0.0000, 1.0000, -0.0000, 0.0000)
            ( 1.0000, 0.0000,  0.0000, 0.0000)
            ( 1.0000, 0.0000, 11.0000, 1.0000)>
MESH
Cube_Grass_Side_Tall
<Matrix 4x4 ( 0.0070, 0.0000,  1.0000, 0.0000)
            ( 0.0000, 1.0000, -0.0000, 0.0000)
            (-1.0000, 0.0000,  0.0070, 0.0000)
            ( 7.0000, 0.0000,  9.0000, 1.0000)>
MESH
Cube_Grass_Center_Tall
<Matrix 4x4 (1.0000, 0.0000,  0.0000, 0.0000)
            (0.0000, 1.0000, -0.0000, 0.0000)
            (0.0000, 0.0000,  1.0000, 0.0000)
            (1.0000, 0.0000,  9.0000, 1.0000)>
MESH
Cube_Grass_Center_Tall
<Matrix 4x4 (1.0000, 0.0000,  0.0000, 0.0000)
            (0.0000, 1.0000, -0.0000, 0.0000)
            (0.0000, 0.0000,  1.0000, 0.0000)
            (3.0000, 0.0000,  9.0000, 1.0000)>
MESH
Cube_Grass_Center_Tall
<Matrix 4x4 (1.0000, 0.0000,  0.0000, 0.0000)
            (0.0000, 1.0000, -0.0000, 0.0000)
            (0.0000, 0.0000,  1.0000, 0.0000)
            (5.0000, 0.0000,  9.0000, 1.0000)>
MESH
Cube_Grass_Corner_Tall
<Matrix 4x4 ( 0.0000, 0.0000, -1.0000, 0.0000)
            (-0.0000, 1.0000, -0.0000, 0.0000)
            ( 1.0000, 0.0000,  0.0000, 0.0000)
            ( 1.0000, 1.0000,  9.0000, 1.0000)>
MESH
Cube_Grass_Corner_Tall
<Matrix 4x4 (1.0000, 0.0000,  0.0000, 0.0000)
            (0.0000, 1.0000, -0.0000, 0.0000)
            (0.0000, 0.0000,  1.0000, 0.0000)
            (1.0000, 1.0000,  7.0000, 1.0000)>
MESH
Cube_Grass_Corner_Tall
<Matrix 4x4 (-1.0000, 0.0000, -0.0070, 0.0000)
            (-0.0000, 1.0000,  0.0000, 0.0000)
            ( 0.0070, 0.0000, -1.0000, 0.0000)
            ( 3.0000, 1.0000,  9.0000, 1.0000)>
MESH
Cube_Grass_Corner_Tall
<Matrix 4x4 ( 0.0070, 0.0000,  1.0000, 0.0000)
            ( 0.0000, 1.0000, -0.0000, 0.0000)
            (-1.0000, 0.0000,  0.0070, 0.0000)
            ( 3.0000, 1.0000,  7.0000, 1.0000)>
MESH
Bush
<Matrix 4x4 (1.0000, 0.0000,  0.0000, 0.0000)
            (0.0000, 1.0000, -0.0000, 0.0000)
            (0.0000, 0.0000,  1.0000, 0.0000)
            (6.0000, 1.0000, 10.0000, 1.0000)>
MESH
Fruit
<Matrix 4x4 (1.0000, 0.0000,  0.0000, 0.0000)
            (0.0000, 1.0000, -0.0000, 0.0000)
            (0.0000, 0.0000,  1.0000, 0.0000)
            (5.4170, 2.2330,  8.6476, 1.0000)>
MESH
Fruit
<Matrix 4x4 ( 0.2451,  0.1983,  0.9490, 0.0000)
            (-0.6291,  0.7773, -0.0000, 0.0000)
            (-0.7377, -0.5970,  0.3152, 0.0000)
            ( 7.6673,  1.6895,  9.5467, 1.0000)>
MESH
Fruit
<Matrix 4x4 (-0.5632,  0.1300, -0.8161, 0.0000)
            ( 0.2357,  0.9718, -0.0079, 0.0000)
            ( 0.7920, -0.1968, -0.5779, 0.0000)
            ( 4.6804,  1.5451, 11.2350, 1.0000)>
MESH
Fruit
<Matrix 4x4 (-0.5632,  0.1300, -0.8161, 0.0000)
            ( 0.2357,  0.9718, -0.0079, 0.0000)
            ( 0.7920, -0.1968, -0.5779, 0.0000)
            ( 6.4243,  2.5295, 11.0794, 1.0000)>
MESH
Cloud_1
<Matrix 4x4 ( 1.0000, 0.0000,  0.0000, 0.0000)
            ( 0.0000, 1.0000, -0.0000, 0.0000)
            ( 0.0000, 0.0000,  1.0000, 0.0000)
            (-5.3112, 1.0287,  0.0000, 1.0000)>
MESH
Cloud_2
<Matrix 4x4 (-0.6485, 0.0000, -0.7612, 0.0000)
            (-0.0000, 1.0000,  0.0000, 0.0000)
            ( 0.7612, 0.0000, -0.6485, 0.0000)
            (13.4153, 1.6724,  4.0000, 1.0000)>
MESH
Cloud_3
<Matrix 4x4 (-0.8264,  0.0000, -0.5631, 0.0000)
            (-0.0000,  1.0000,  0.0000, 0.0000)
            ( 0.5631,  0.0000, -0.8264, 0.0000)
            ( 9.2244, -0.9791,  0.0000, 1.0000)>
MESH
Cube_Grass_Center_Tall
<Matrix 4x4 (1.0000,  0.0000,  0.0000, 0.0000)
            (0.0000,  1.0000, -0.0000, 0.0000)
            (0.0000,  0.0000,  1.0000, 0.0000)
            (0.0000, -1.0000,  1.0000, 1.0000)>
MESH
Cube_Grass_Corner_Tall
<Matrix 4x4 ( 1.0000,  0.0000,  0.0000, 0.0000)
            ( 0.0000,  1.0000, -0.0000, 0.0000)
            ( 0.0000,  0.0000,  1.0000, 0.0000)
            (-2.0000, -1.0000, -1.0000, 1.0000)>
MESH
Cube_Grass_Side_Tall
<Matrix 4x4 ( 0.0000,  0.0000, -1.0000, 0.0000)
            (-0.0000,  1.0000, -0.0000, 0.0000)
            ( 1.0000,  0.0000,  0.0000, 0.0000)
            (-2.0000, -1.0000,  1.0000, 1.0000)>
MESH
Cube_Grass_Side_Tall
<Matrix 4x4 (1.0000,  0.0000,  0.0000, 0.0000)
            (0.0000,  1.0000, -0.0000, 0.0000)
            (0.0000,  0.0000,  1.0000, 0.0000)
            (0.0000, -1.0000, -1.0000, 1.0000)>
MESH
Cube_Grass_Side_Tall
<Matrix 4x4 (1.0000,  0.0000,  0.0000, 0.0000)
            (0.0000,  1.0000, -0.0000, 0.0000)
            (0.0000,  0.0000,  1.0000, 0.0000)
            (2.0000, -1.0000, -1.0000, 1.0000)>
MESH
Cube_Grass_Corner_Tall
<Matrix 4x4 ( 0.0000,  0.0000,  1.0000, 0.0000)
            ( 0.0000,  1.0000, -0.0000, 0.0000)
            (-1.0000,  0.0000,  0.0000, 0.0000)
            ( 4.0000, -1.0000, -1.0000, 1.0000)>
MESH
Cube_Grass_Corner_Tall
<Matrix 4x4 (-1.0000,  0.0000, -0.0070, 0.0000)
            (-0.0000,  1.0000,  0.0000, 0.0000)
            ( 0.0070,  0.0000, -1.0000, 0.0000)
            ( 4.0000, -1.0000,  1.0000, 1.0000)>
MESH
Cube_Grass_Side_Tall
<Matrix 4x4 ( 0.0000,  0.0000,  1.0000, 0.0000)
            ( 0.0000,  1.0000, -0.0000, 0.0000)
            (-1.0000,  0.0000,  0.0000, 0.0000)
            ( 2.0000, -1.0000,  3.0000, 1.0000)>
MESH
Cube_Grass_Center_Tall
<Matrix 4x4 (1.0000,  0.0000,  0.0000, 0.0000)
            (0.0000,  1.0000, -0.0000, 0.0000)
            (0.0000,  0.0000,  1.0000, 0.0000)
            (2.0000, -1.0000,  1.0000, 1.0000)>
MESH
Cube_Grass_Side_Tall
<Matrix 4x4 ( 0.0000,  0.0000, -1.0000, 0.0000)
            (-0.0000,  1.0000, -0.0000, 0.0000)
            ( 1.0000,  0.0000,  0.0000, 0.0000)
            (-2.0000, -1.0000,  3.0000, 1.0000)>
MESH
Cube_Grass_Corner_Tall
<Matrix 4x4 ( 0.0000,  0.0000, -1.0000, 0.0000)
            (-0.0000,  1.0000, -0.0000, 0.0000)
            ( 1.0000,  0.0000,  0.0000, 0.0000)
            (-2.0000, -1.0000,  5.0000, 1.0000)>
MESH
Cube_Grass_Center_Tall
<Matrix 4x4 (1.0000,  0.0000,  0.0000, 0.0000)
            (0.0000,  1.0000, -0.0000, 0.0000)
            (0.0000,  0.0000,  1.0000, 0.0000)
            (0.0000, -1.0000,  3.0000, 1.0000)>
MESH
Rock_1
<Matrix 4x4 (1.0000, 0.0000,  0.0000, 0.0000)
            (0.0000, 1.0000, -0.0000, 0.0000)
            (0.0000, 0.0000,  1.0000, 0.0000)
            (4.0000, 0.0000, -1.0000, 1.0000)>
MESH
Grass_1
<Matrix 4x4 (1.0000,  0.0000,  0.0000, 0.0000)
            (0.0000,  1.0000, -0.0000, 0.0000)
            (0.0000,  0.0000,  1.0000, 0.0000)
            (3.2782, -1.0000, -0.5200, 1.0000)>
MESH
Grass_1
<Matrix 4x4 ( 0.5238,  0.0000, -0.8518, 0.0000)
            (-0.0000,  1.0000, -0.0000, 0.0000)
            ( 0.8518,  0.0000,  0.5238, 0.0000)
            ( 3.4053, -1.0000, -0.2289, 1.0000)>
MESH
Grass_1
<Matrix 4x4 (-0.3849,  0.0000, -0.9229, 0.0000)
            (-0.0000,  1.0000,  0.0000, 0.0000)
            ( 0.9229,  0.0000, -0.3849, 0.0000)
            ( 4.2884, -1.0000, -0.4248, 1.0000)>
MESH
Grass_2
<Matrix 4x4 ( 1.0000,  0.0000,  0.0000, 0.0000)
            ( 0.0000,  1.0000, -0.0000, 0.0000)
            ( 0.0000,  0.0000,  1.0000, 0.0000)
            (-2.3263, -1.0000, -1.2991, 1.0000)>
MESH
Rock_2
<Matrix 4x4 (1.0000, 0.0000,  0.0000, 0.0000)
            (0.0000, 1.0000, -0.0000, 0.0000)
            (0.0000, 0.0000,  1.0000, 0.0000)
            (1.0000, 2.0000,  9.0000, 1.0000)>
MESH
Grass_2
<Matrix 4x4 (-0.9876, 0.0000, -0.1568, 0.0000)
            (-0.0000, 1.0000,  0.0000, 0.0000)
            ( 0.1568, 0.0000, -0.9876, 0.0000)
            ( 0.9239, 1.0000,  8.1307, 1.0000)>
MESH
RockPlatforms_1
<Matrix 4x4 ( 1.0000, 0.0000,  0.0000, 0.0000)
            ( 0.0000, 1.0000, -0.0000, 0.0000)
            ( 0.0000, 0.0000,  1.0000, 0.0000)
            (21.0000, 5.0000,  0.0000, 1.0000)>
MESH
Cube_Grass_Side_Tall
<Matrix 4x4 ( 0.0000, 0.0000, -1.0000, 0.0000)
            (-0.0000, 1.0000, -0.0000, 0.0000)
            ( 1.0000, 0.0000,  0.0000, 0.0000)
            (17.0000, 4.0000,  0.0000, 1.0000)>
MESH
Cube_Grass_Side_Tall
<Matrix 4x4 ( 0.0070, 0.0000,  1.0000, 0.0000)
            ( 0.0000, 1.0000, -0.0000, 0.0000)
            (-1.0000, 0.0000,  0.0070, 0.0000)
            (25.0000, 4.0000,  2.0000, 1.0000)>
MESH
Cube_Grass_Side_Tall
<Matrix 4x4 ( 0.0070, 0.0000,  1.0000, 0.0000)
            ( 0.0000, 1.0000, -0.0000, 0.0000)
            (-1.0000, 0.0000,  0.0070, 0.0000)
            (25.0000, 4.0000,  0.0000, 1.0000)>
MESH
Cube_Grass_Side_Tall
<Matrix 4x4 (-1.0000, 0.0000, -0.0017, 0.0000)
            (-0.0000, 1.0000,  0.0000, 0.0000)
            ( 0.0017, 0.0000, -1.0000, 0.0000)
            (23.0000, 4.0000,  4.0000, 1.0000)>
MESH
Cube_Grass_Side_Tall
<Matrix 4x4 (-1.0000, 0.0000, -0.0017, 0.0000)
            (-0.0000, 1.0000,  0.0000, 0.0000)
            ( 0.0017, 0.0000, -1.0000, 0.0000)
            (21.0000, 4.0000,  4.0000, 1.0000)>
MESH
Cube_Grass_Side_Tall
<Matrix 4x4 ( 1.0000, 0.0000,  0.0000, 0.0000)
            ( 0.0000, 1.0000, -0.0000, 0.0000)
            ( 0.0000, 0.0000,  1.0000, 0.0000)
            (19.0000, 4.0000, -2.0000, 1.0000)>
MESH
Cube_Grass_Side_Tall
<Matrix 4x4 ( 1.0000, 0.0000,  0.0000, 0.0000)
            ( 0.0000, 1.0000, -0.0000, 0.0000)
            ( 0.0000, 0.0000,  1.0000, 0.0000)
            (23.0000, 4.0000, -2.0000, 1.0000)>
MESH
Cube_Grass_Side_Tall
<Matrix 4x4 ( 1.0000, 0.0000,  0.0000, 0.0000)
            ( 0.0000, 1.0000, -0.0000, 0.0000)
            ( 0.0000, 0.0000,  1.0000, 0.0000)
            (21.0000, 4.0000, -2.0000, 1.0000)>
MESH
Cube_Grass_Corner_Tall
<Matrix 4x4 ( 1.0000, 0.0000,  0.0000, 0.0000)
            ( 0.0000, 1.0000, -0.0000, 0.0000)
            ( 0.0000, 0.0000,  1.0000, 0.0000)
            (17.0000, 4.0000, -2.0000, 1.0000)>
MESH
Cube_Grass_Corner_Tall
<Matrix 4x4 ( 0.0000, 0.0000, -1.0000, 0.0000)
            (-0.0000, 1.0000, -0.0000, 0.0000)
            ( 1.0000, 0.0000,  0.0000, 0.0000)
            (19.0000, 4.0000,  4.0000, 1.0000)>
MESH
Cube_Grass_Corner_Tall
<Matrix 4x4 (-1.0000, 0.0000,  0.0087, 0.0000)
            ( 0.0000, 1.0000,  0.0000, 0.0000)
            (-0.0087, 0.0000, -1.0000, 0.0000)
            (25.0000, 4.0000,  4.0000, 1.0000)>
MESH
Cube_Grass_Corner_Tall
<Matrix 4x4 ( 0.0000, 0.0000, -1.0000, 0.0000)
            (-0.0000, 1.0000, -0.0000, 0.0000)
            ( 1.0000, 0.0000,  0.0000, 0.0000)
            (17.0000, 4.0000,  2.0000, 1.0000)>
MESH
Cube_Grass_Corner_Tall
<Matrix 4x4 (-0.0000, 0.0000,  1.0000, 0.0000)
            ( 0.0000, 1.0000,  0.0000, 0.0000)
            (-1.0000, 0.0000, -0.0000, 0.0000)
            (25.0000, 4.0000, -2.0000, 1.0000)>
MESH
Cube_Grass_Center_Tall
<Matrix 4x4 ( 1.0000, 0.0000,  0.0000, 0.0000)
            ( 0.0000, 1.0000, -0.0000, 0.0000)
            ( 0.0000, 0.0000,  1.0000, 0.0000)
            (23.0000, 4.0000,  0.0000, 1.0000)>
MESH
Cube_Grass_Center_Tall
<Matrix 4x4 ( 1.0000, 0.0000,  0.0000, 0.0000)
            ( 0.0000, 1.0000, -0.0000, 0.0000)
            ( 0.0000, 0.0000,  1.0000, 0.0000)
            (23.0000, 4.0000,  2.0000, 1.0000)>
MESH
Cube_Grass_Center_Tall
<Matrix 4x4 ( 1.0000, 0.0000,  0.0000, 0.0000)
            ( 0.0000, 1.0000, -0.0000, 0.0000)
            ( 0.0000, 0.0000,  1.0000, 0.0000)
            (21.0000, 4.0000,  2.0000, 1.0000)>
MESH
Cube_Grass_Center_Tall
<Matrix 4x4 ( 1.0000, 0.0000,  0.0000, 0.0000)
            ( 0.0000, 1.0000, -0.0000, 0.0000)
            ( 0.0000, 0.0000,  1.0000, 0.0000)
            (19.0000, 4.0000,  2.0000, 1.0000)>
MESH
Cube_Grass_Center_Tall
<Matrix 4x4 ( 1.0000, 0.0000,  0.0000, 0.0000)
            ( 0.0000, 1.0000, -0.0000, 0.0000)
            ( 0.0000, 0.0000,  1.0000, 0.0000)
            (19.0000, 4.0000,  0.0000, 1.0000)>
MESH
Cube_Grass_Center_Tall
<Matrix 4x4 ( 1.0000, 0.0000,  0.0000, 0.0000)
            ( 0.0000, 1.0000, -0.0000, 0.0000)
            ( 0.0000, 0.0000,  1.0000, 0.0000)
            (21.0000, 4.0000,  0.0000, 1.0000)>
MESH
Cube_Grass_CornerBottom_Tall
<Matrix 4x4 ( 0.0000, 0.0000,  1.0000, 0.0000)
            ( 0.0000, 1.0000, -0.0000, 0.0000)
            (-1.0000, 0.0000,  0.0000, 0.0000)
            (25.0000, 2.0000, -2.0000, 1.0000)>
MESH
Cube_Grass_CornerBottom_Tall
<Matrix 4x4 (-1.0000, 0.0000,  0.0070, 0.0000)
            ( 0.0000, 1.0000,  0.0000, 0.0000)
            (-0.0070, 0.0000, -1.0000, 0.0000)
            (25.0000, 2.0000,  4.0000, 1.0000)>
MESH
Cube_Grass_CornerBottom_Tall
<Matrix 4x4 ( 0.0087, 0.0000, -1.0000, 0.0000)
            (-0.0000, 1.0000, -0.0000, 0.0000)
            ( 1.0000, 0.0000,  0.0087, 0.0000)
            (19.0000, 2.0000,  4.0000, 1.0000)>
MESH
Cube_Grass_CornerBottom_Tall
<Matrix 4x4 ( 0.0087, 0.0000, -1.0000, 0.0000)
            (-0.0000, 1.0000, -0.0000, 0.0000)
            ( 1.0000, 0.0000,  0.0087, 0.0000)
            (17.0000, 2.0000,  2.0000, 1.0000)>
MESH
Cube_Grass_SideBottom_Tall
<Matrix 4x4 ( 1.0000, 0.0000,  0.0000, 0.0000)
            ( 0.0000, 1.0000, -0.0000, 0.0000)
            ( 0.0000, 0.0000,  1.0000, 0.0000)
            (19.0000, 2.0000, -2.0000, 1.0000)>
MESH
Cube_Grass_SideBottom_Tall
<Matrix 4x4 ( 1.0000, 0.0000,  0.0000, 0.0000)
            ( 0.0000, 1.0000, -0.0000, 0.0000)
            ( 0.0000, 0.0000,  1.0000, 0.0000)
            (21.0000, 2.0000, -2.0000, 1.0000)>
MESH
Cube_Grass_SideBottom_Tall
<Matrix 4x4 ( 1.0000, 0.0000,  0.0000, 0.0000)
            ( 0.0000, 1.0000, -0.0000, 0.0000)
            ( 0.0000, 0.0000,  1.0000, 0.0000)
            (23.0000, 2.0000, -2.0000, 1.0000)>
MESH
Cube_Grass_SideBottom_Tall
<Matrix 4x4 ( 0.0000, 0.0000,  1.0000, 0.0000)
            ( 0.0000, 1.0000, -0.0000, 0.0000)
            (-1.0000, 0.0000,  0.0000, 0.0000)
            (25.0000, 2.0000,  0.0000, 1.0000)>
MESH
Cube_Grass_SideBottom_Tall
<Matrix 4x4 ( 0.0000, 0.0000,  1.0000, 0.0000)
            ( 0.0000, 1.0000, -0.0000, 0.0000)
            (-1.0000, 0.0000,  0.0000, 0.0000)
            (25.0000, 2.0000,  2.0000, 1.0000)>
MESH
Cube_Grass_SideBottom_Tall
<Matrix 4x4 (-1.0000, 0.0000, -0.0052, 0.0000)
            (-0.0000, 1.0000,  0.0000, 0.0000)
            ( 0.0052, 0.0000, -1.0000, 0.0000)
            (23.0000, 2.0000,  4.0000, 1.0000)>
MESH
Cube_Grass_SideBottom_Tall
<Matrix 4x4 (-1.0000, 0.0000, -0.0052, 0.0000)
            (-0.0000, 1.0000,  0.0000, 0.0000)
            ( 0.0052, 0.0000, -1.0000, 0.0000)
            (21.0000, 2.0000,  4.0000, 1.0000)>
MESH
Cube_Dirt_Center_Tall
<Matrix 4x4 ( 1.0000, 0.0000,  0.0000, 0.0000)
            ( 0.0000, 1.0000, -0.0000, 0.0000)
            ( 0.0000, 0.0000,  1.0000, 0.0000)
            (19.0000, 0.0000,  2.0000, 1.0000)>
MESH
Cube_Dirt_Center_Tall
<Matrix 4x4 ( 1.0000, 0.0000,  0.0000, 0.0000)
            ( 0.0000, 1.0000, -0.0000, 0.0000)
            ( 0.0000, 0.0000,  1.0000, 0.0000)
            (21.0000, 0.0000,  2.0000, 1.0000)>
MESH
Cube_Dirt_Center_Tall
<Matrix 4x4 ( 1.0000, 0.0000,  0.0000, 0.0000)
            ( 0.0000, 1.0000, -0.0000, 0.0000)
            ( 0.0000, 0.0000,  1.0000, 0.0000)
            (23.0000, 0.0000,  2.0000, 1.0000)>
MESH
Cube_Dirt_Center_Tall
<Matrix 4x4 ( 1.0000, 0.0000,  0.0000, 0.0000)
            ( 0.0000, 1.0000, -0.0000, 0.0000)
            ( 0.0000, 0.0000,  1.0000, 0.0000)
            (23.0000, 0.0000,  0.0000, 1.0000)>
MESH
Cube_Dirt_Center_Tall
<Matrix 4x4 ( 1.0000, 0.0000,  0.0000, 0.0000)
            ( 0.0000, 1.0000, -0.0000, 0.0000)
            ( 0.0000, 0.0000,  1.0000, 0.0000)
            (21.0000, 0.0000,  0.0000, 1.0000)>
MESH
RockPlatforms_2
<Matrix 4x4 ( 1.0000, 0.0000,  0.0000, 0.0000)
            ( 0.0000, 1.0000, -0.0000, 0.0000)
            ( 0.0000, 0.0000,  1.0000, 0.0000)
            (20.0000, 8.0000, 14.0000, 1.0000)>
MESH
Cloud_3
<Matrix 4x4 (-0.9201,  0.0000, -0.3916, 0.0000)
            ( 0.1536, -0.9198, -0.3610, 0.0000)
            (-0.3602, -0.3923,  0.8464, 0.0000)
            (20.2244,  8.0209, 12.6196, 1.0000)>
MESH
Cloud_3
<Matrix 4x4 (-0.5804,  0.0000,  0.8144, 0.0000)
            (-0.3195, -0.9198, -0.2277, 0.0000)
            ( 0.7491, -0.3923,  0.5338, 0.0000)
            (17.6219,  8.0209, 12.8303, 1.0000)>
MESH
Cloud_2
<Matrix 4x4 (-0.6485,  0.2276,  0.7264, 0.0000)
            (-0.0000, -0.9543,  0.2990, 0.0000)
            ( 0.7612,  0.1939,  0.6188, 0.0000)
            (17.9978,  7.5130, 14.1983, 1.0000)>
MESH
Cloud_3
<Matrix 4x4 ( 0.9307,  0.0000,  0.3659, 0.0000)
            (-0.1436, -0.9198,  0.3651, 0.0000)
            ( 0.3365, -0.3923, -0.8560, 0.0000)
            (19.4375,  7.9148, 14.5004, 1.0000)>
MESH
Cloud_3
<Matrix 4x4 (-0.5378,  0.0000, -0.8431, 0.0000)
            ( 0.3308, -0.9198, -0.2110, 0.0000)
            (-0.7755, -0.3923,  0.4947, 0.0000)
            (21.7862,  7.3739, 13.5290, 1.0000)>
MESH
Cloud_1
<Matrix 4x4 ( 0.8271,  0.0000, -0.5621, 0.0000)
            ( 0.4356, -0.6320,  0.6409, 0.0000)
            (-0.3553, -0.7749, -0.5227, 0.0000)
            (21.5233,  7.9659, 15.5348, 1.0000)>
MESH
Cloud_1
<Matrix 4x4 (-0.5875,  0.4787,  0.6525, 0.0000)
            ( 0.3634, -0.5644,  0.7412, 0.0000)
            ( 0.7231,  0.6726,  0.1576, 0.0000)
            (23.4190,  7.8345, 14.9748, 1.0000)>
MESH
Cloud_3
<Matrix 4x4 (-0.1999, 0.0000, -0.9798, 0.0000)
            (-0.0000, 1.0000,  0.0000, 0.0000)
            ( 0.9798, 0.0000, -0.1999, 0.0000)
            (27.3433, 5.4014,  8.2179, 1.0000)>
MESH
Cloud_1
<Matrix 4x4 ( 1.0000, 0.0000,  0.0000, 0.0000)
            ( 0.0000, 1.0000, -0.0000, 0.0000)
            ( 0.0000, 0.0000,  1.0000, 0.0000)
            (23.3124, 7.0674,  9.1406, 1.0000)>
MESH
Cloud_1
<Matrix 4x4 ( 1.0000,  0.0000,  0.0000, 0.0000)
            ( 0.0000, -0.0087, -1.0000, 0.0000)
            ( 0.0000,  1.0000, -0.0087, 0.0000)
            (19.0217,  7.5386, 11.3741, 1.0000)>
MESH
Tree
<Matrix 4x4 ( 1.0000,  0.0000,  0.0000, 0.0000)
            ( 0.0000,  1.0000, -0.0000, 0.0000)
            ( 0.0000,  0.0000,  1.0000, 0.0000)
            (20.9701, 10.0000,  1.0000, 1.0000)>
MESH
Tree_Fruit
<Matrix 4x4 (1.0000, 0.0000,  0.0000, 0.0000)
            (0.0000, 1.0000, -0.0000, 0.0000)
            (0.0000, 0.0000,  1.0000, 0.0000)
            (2.0000, 1.0000, 11.0000, 1.0000)>
MESH
Cube_Grass_CornerBottom_Tall
<Matrix 4x4 ( 0.0000,  0.0000,  1.0000, 0.0000)
            ( 0.0000,  1.0000, -0.0000, 0.0000)
            (-1.0000,  0.0000,  0.0000, 0.0000)
            ( 4.0000, -3.0000, -1.0000, 1.0000)>
MESH
Cube_Grass_CornerBottom_Tall
<Matrix 4x4 ( 1.0000,  0.0000,  0.0000, 0.0000)
            ( 0.0000,  1.0000, -0.0000, 0.0000)
            ( 0.0000,  0.0000,  1.0000, 0.0000)
            (-2.0000, -3.0000, -1.0000, 1.0000)>
MESH
Cube_Grass_CornerBottom_Tall
<Matrix 4x4 (-1.0000,  0.0000, -0.0017, 0.0000)
            (-0.0000,  1.0000,  0.0000, 0.0000)
            ( 0.0017,  0.0000, -1.0000, 0.0000)
            ( 4.0000, -3.0000,  1.0000, 1.0000)>
MESH
Cube_Grass_CornerBottom_Tall
<Matrix 4x4 ( 0.0000,  0.0000, -1.0000, 0.0000)
            (-0.0000,  1.0000, -0.0000, 0.0000)
            ( 1.0000,  0.0000,  0.0000, 0.0000)
            (-2.0000, -3.0000,  5.0000, 1.0000)>
MESH
Cube_Grass_CornerBottom_Tall
<Matrix 4x4 (-1.0000,  0.0010, -0.0004, 0.0000)
            ( 0.0010,  1.0000, -0.0017, 0.0000)
            ( 0.0004, -0.0017, -1.0000, 0.0000)
            ( 2.0000, -3.0000,  5.0000, 1.0000)>
MESH
Cube_Grass_Corner_Tall
<Matrix 4x4 (-1.0000,  0.0000,  0.0052, 0.0000)
            ( 0.0000,  1.0000,  0.0000, 0.0000)
            (-0.0052,  0.0000, -1.0000, 0.0000)
            ( 2.0000, -1.0000,  5.0000, 1.0000)>
MESH
Cube_Grass_Side_Tall
<Matrix 4x4 (-1.0000,  0.0000, -0.0052, 0.0000)
            (-0.0000,  1.0000,  0.0000, 0.0000)
            ( 0.0052,  0.0000, -1.0000, 0.0000)
            ( 0.0000, -1.0000,  5.0000, 1.0000)>
MESH
Cube_Grass_CornerBottom_Tall
<Matrix 4x4 (-1.0000,  0.0000, -0.0000, 0.0000)
            (-0.0000,  1.0000,  0.0000, 0.0000)
            ( 0.0000,  0.0000, -1.0000, 0.0000)
            ( 2.0000, -3.0000,  3.0000, 1.0000)>
MESH
Cube_Grass_SideBottom_Tall
<Matrix 4x4 (-1.0000,  0.0000, -0.0052, 0.0000)
            (-0.0000,  1.0000,  0.0000, 0.0000)
            ( 0.0052,  0.0000, -1.0000, 0.0000)
            ( 0.0000, -3.0000,  5.0000, 1.0000)>
MESH
Cube_Grass_SideBottom_Tall
<Matrix 4x4 ( 0.0087,  0.0000, -1.0000, 0.0000)
            (-0.0000,  1.0000, -0.0000, 0.0000)
            ( 1.0000,  0.0000,  0.0087, 0.0000)
            (-2.0000, -3.0000,  3.0000, 1.0000)>
MESH
Cube_Grass_SideBottom_Tall
<Matrix 4x4 ( 0.0087,  0.0000, -1.0000, 0.0000)
            (-0.0000,  1.0000, -0.0000, 0.0000)
            ( 1.0000,  0.0000,  0.0087, 0.0000)
            (-2.0000, -3.0000,  1.0000, 1.0000)>
MESH
Cube_Grass_SideBottom_Tall
<Matrix 4x4 ( 1.0000,  0.0000, -0.0052, 0.0000)
            (-0.0000,  1.0000, -0.0000, 0.0000)
            ( 0.0052,  0.0000,  1.0000, 0.0000)
            ( 0.0000, -3.0000, -1.0000, 1.0000)>
MESH
Cube_Grass_SideBottom_Tall
<Matrix 4x4 ( 1.0000,  0.0000, -0.0052, 0.0000)
            (-0.0000,  1.0000, -0.0000, 0.0000)
            ( 0.0052,  0.0000,  1.0000, 0.0000)
            ( 2.0000, -3.0000, -1.0000, 1.0000)>
MESH
Cube_Dirt_Center_Tall
<Matrix 4x4 (1.0000,  0.0000,  0.0000, 0.0000)
            (0.0000,  1.0000, -0.0000, 0.0000)
            (0.0000,  0.0000,  1.0000, 0.0000)
            (0.0000, -5.0000,  1.0000, 1.0000)>
MESH
Cube_Dirt_Center_Tall
<Matrix 4x4 (1.0000,  0.0000,  0.0000, 0.0000)
            (0.0000,  1.0000, -0.0000, 0.0000)
            (0.0000,  0.0000,  1.0000, 0.0000)
            (2.0000, -5.0000,  1.0000, 1.0000)>
MESH
Cube_Dirt_Center_Tall
<Matrix 4x4 (1.0000,  0.0000,  0.0000, 0.0000)
            (0.0000,  1.0000, -0.0000, 0.0000)
            (0.0000,  0.0000,  1.0000, 0.0000)
            (0.0000, -5.0000,  3.0000, 1.0000)>
MESH
Cube_Grass_SideBottom_Tall
<Matrix 4x4 (-0.0070,  0.0000, -1.0000, 0.0000)
            (-0.0000,  1.0000,  0.0000, 0.0000)
            ( 1.0000,  0.0000, -0.0070, 0.0000)
            (-1.0000, -2.0000,  7.0000, 1.0000)>
MESH
Cube_Grass_CornerBottom_Tall
<Matrix 4x4 ( 0.0000,  0.0000, -1.0000, 0.0000)
            (-0.0000,  1.0000, -0.0000, 0.0000)
            ( 1.0000,  0.0000,  0.0000, 0.0000)
            (-1.0000, -2.0000,  9.0000, 1.0000)>
MESH
Cube_Grass_CornerBottom_Tall
<Matrix 4x4 ( 0.0000,  0.0000, -1.0000, 0.0000)
            (-0.0000,  1.0000, -0.0000, 0.0000)
            ( 1.0000,  0.0000,  0.0000, 0.0000)
            ( 1.0000, -2.0000, 11.0000, 1.0000)>
MESH
Cube_Grass_SideBottom_Tall
<Matrix 4x4 (1.0000,  0.0000,  0.0000, 0.0000)
            (0.0000,  1.0000, -0.0000, 0.0000)
            (0.0000,  0.0000,  1.0000, 0.0000)
            (3.0000, -2.0000,  5.0000, 1.0000)>
MESH
Cube_Grass_SideBottom_Tall
<Matrix 4x4 (1.0000,  0.0000,  0.0000, 0.0000)
            (0.0000,  1.0000, -0.0000, 0.0000)
            (0.0000,  0.0000,  1.0000, 0.0000)
            (5.0000, -2.0000,  5.0000, 1.0000)>
MESH
Cube_Grass_CornerBottom_Tall
<Matrix 4x4 (-0.0021,  0.0010,  1.0000, 0.0000)
            (-0.0017,  1.0000, -0.0010, 0.0000)
            (-1.0000, -0.0017, -0.0021, 0.0000)
            ( 7.0000, -2.0000,  5.0000, 1.0000)>
MESH
Cube_Grass_SideBottom_Tall
<Matrix 4x4 ( 0.0000,  0.0000,  1.0000, 0.0000)
            ( 0.0000,  1.0000, -0.0000, 0.0000)
            (-1.0000,  0.0000,  0.0000, 0.0000)
            ( 7.0000, -2.0000,  7.0000, 1.0000)>
MESH
Cube_Grass_SideBottom_Tall
<Matrix 4x4 ( 0.0000,  0.0000,  1.0000, 0.0000)
            ( 0.0000,  1.0000, -0.0000, 0.0000)
            (-1.0000,  0.0000,  0.0000, 0.0000)
            ( 7.0000, -2.0000,  9.0000, 1.0000)>
MESH
Cube_Grass_CornerBottom_Tall
<Matrix 4x4 (-1.0000,  0.0000,  0.0035, 0.0000)
            ( 0.0000,  1.0000,  0.0000, 0.0000)
            (-0.0035,  0.0000, -1.0000, 0.0000)
            ( 7.0000, -2.0000, 11.0000, 1.0000)>
MESH
Cube_Grass_SideBottom_Tall
<Matrix 4x4 (-1.0000,  0.0000, -0.0052, 0.0000)
            (-0.0000,  1.0000,  0.0000, 0.0000)
            ( 0.0052,  0.0000, -1.0000, 0.0000)
            ( 5.0000, -2.0000, 11.0000, 1.0000)>
MESH
Cube_Grass_SideBottom_Tall
<Matrix 4x4 (-1.0000,  0.0000, -0.0052, 0.0000)
            (-0.0000,  1.0000,  0.0000, 0.0000)
            ( 0.0052,  0.0000, -1.0000, 0.0000)
            ( 3.0000, -2.0000, 11.0000, 1.0000)>
MESH
Cube_Dirt_Center_Tall
<Matrix 4x4 (1.0000,  0.0000,  0.0000, 0.0000)
            (0.0000,  1.0000, -0.0000, 0.0000)
            (0.0000,  0.0000,  1.0000, 0.0000)
            (5.0000, -4.0000,  7.0000, 1.0000)>
MESH
Cube_Dirt_Center_Tall
<Matrix 4x4 (1.0000,  0.0000,  0.0000, 0.0000)
            (0.0000,  1.0000, -0.0000, 0.0000)
            (0.0000,  0.0000,  1.0000, 0.0000)
            (5.0000, -4.0000,  9.0000, 1.0000)>
MESH
Cube_Dirt_Center_Tall
<Matrix 4x4 (1.0000,  0.0000,  0.0000, 0.0000)
            (0.0000,  1.0000, -0.0000, 0.0000)
            (0.0000,  0.0000,  1.0000, 0.0000)
            (3.0000, -4.0000,  9.0000, 1.0000)>
MESH
Cube_Dirt_Center_Tall
<Matrix 4x4 (1.0000,  0.0000,  0.0000, 0.0000)
            (0.0000,  1.0000, -0.0000, 0.0000)
            (0.0000,  0.0000,  1.0000, 0.0000)
            (1.0000, -4.0000,  9.0000, 1.0000)>
MESH
Cube_Dirt_Center_Tall
<Matrix 4x4 (1.0000,  0.0000,  0.0000, 0.0000)
            (0.0000,  1.0000, -0.0000, 0.0000)
            (0.0000,  0.0000,  1.0000, 0.0000)
            (1.0000, -4.0000,  7.0000, 1.0000)>
MESH
Cube_Dirt_Center_Tall
<Matrix 4x4 (1.0000,  0.0000,  0.0000, 0.0000)
            (0.0000,  1.0000, -0.0000, 0.0000)
            (0.0000,  0.0000,  1.0000, 0.0000)
            (3.0000, -4.0000,  7.0000, 1.0000)>
MESH
Tree
<Matrix 4x4 ( 1.0000, 0.0000,  0.0000, 0.0000)
            ( 0.0000, 1.0000, -0.0000, 0.0000)
            ( 0.0000, 0.0000,  1.0000, 0.0000)
            (25.0000, 5.0000, -2.0000, 1.0000)>
MESH
Grass_3
<Matrix 4x4 ( 0.6678, 0.0000, -0.7443, 0.0000)
            (-0.0000, 1.0000, -0.0000, 0.0000)
            ( 0.7443, 0.0000,  0.6678, 0.0000)
            (18.0215, 4.0000, -1.5649, 1.0000)>
MESH
Grass_3
<Matrix 4x4 (-0.8111, 0.0000, -0.5850, 0.0000)
            (-0.0000, 1.0000,  0.0000, 0.0000)
            ( 0.5850, 0.0000, -0.8111, 0.0000)
            (16.9417, 4.0000,  1.7516, 1.0000)>
MESH
Grass_3
<Matrix 4x4 (-0.9150, 0.0000,  0.4035, 0.0000)
            ( 0.0000, 1.0000,  0.0000, 0.0000)
            (-0.4035, 0.0000, -0.9150, 0.0000)
            (24.0942, 4.0000,  3.1859, 1.0000)>
MESH
Fruit
<Matrix 4x4 ( 1.0000, 0.0000,  0.0000, 0.0000)
            ( 0.0000, 1.0000, -0.0000, 0.0000)
            ( 0.0000, 0.0000,  1.0000, 0.0000)
            (19.4383, 5.2495,  2.6644, 1.0000)>
MESH
Bush_Fruit
<Matrix 4x4 ( 1.0000, 0.0000,  0.0000, 0.0000)
            ( 0.0000, 1.0000, -0.0000, 0.0000)
            ( 0.0000, 0.0000,  1.0000, 0.0000)
            (24.3974, 4.7736,  3.0805, 1.0000)>
MESH
Cube_Question
<Matrix 4x4 ( 1.0000,  0.0000,  0.0000, 0.0000)
            ( 0.0000,  1.0000, -0.0000, 0.0000)
            ( 0.0000,  0.0000,  1.0000, 0.0000)
            (17.9790, 16.5796, 13.5788, 1.0000)>
MESH
Fruit
<Matrix 4x4 ( 1.0000,  0.0000,  0.0000, 0.0000)
            ( 0.0000,  1.0000, -0.0000, 0.0000)
            ( 0.0000,  0.0000,  1.0000, 0.0000)
            (23.3864, 10.0905, 13.8045, 1.0000)>
MESH
Tree_Fruit
<Matrix 4x4 ( 1.0000,  0.0000,  0.0000, 0.0000)
            ( 0.0000,  1.0000, -0.0000, 0.0000)
            ( 0.0000,  0.0000,  1.0000, 0.0000)
            (21.9326, 11.8217, 15.1007, 1.0000)>
MESH
Rock_1
<Matrix 4x4 ( 1.0000, 0.0000,  0.0000, 0.0000)
            ( 0.0000, 1.0000, -0.0000, 0.0000)
            ( 0.0000, 0.0000,  1.0000, 0.0000)
            (19.6658, 7.8793, -0.4043, 1.0000)>
MESH
Rock_2
<Matrix 4x4 ( 1.0000,  0.0000,  0.0000, 0.0000)
            ( 0.0000,  1.0000, -0.0000, 0.0000)
            ( 0.0000,  0.0000,  1.0000, 0.0000)
            (21.7505, 10.0595,  0.4220, 1.0000)>
MESH
Rock_2
<Matrix 4x4 ( 1.0000,  0.0000,  0.0000, 0.0000)
            ( 0.0000,  1.0000, -0.0000, 0.0000)
            ( 0.0000,  0.0000,  1.0000, 0.0000)
            (17.8012, 11.1805, 14.0760, 1.0000)>
MESH
Rock_1
<Matrix 4x4 ( 1.0000,  0.0000,  0.0000, 0.0000)
            ( 0.0000,  1.0000, -0.0000, 0.0000)
            ( 0.0000,  0.0000,  1.0000, 0.0000)
            (18.9704, 11.1856, 14.5470, 1.0000)>
MESH
Fruit
<Matrix 4x4 (-0.0819,  0.0000, -0.9966, 0.0000)
            (-0.0000,  1.0000,  0.0000, 0.0000)
            ( 0.9966,  0.0000, -0.0819, 0.0000)
            (19.4814, 11.6013, 12.7991, 1.0000)>
MESH
Grass_2
<Matrix 4x4 ( 0.6626,  0.0000, -0.7490, 0.0000)
            (-0.0000,  1.0000, -0.0000, 0.0000)
            ( 0.7490,  0.0000,  0.6626, 0.0000)
            (21.0358, 10.3725, 14.2800, 1.0000)>
MESH
Grass_2
<Matrix 4x4 ( 0.9135,  0.0000,  0.4067, 0.0000)
            ( 0.0000,  1.0000, -0.0000, 0.0000)
            (-0.4067,  0.0000,  0.9135, 0.0000)
            (18.7741, 10.3725, 13.6763, 1.0000)>
MESH
Bridge_Modular
<Matrix 4x4 ( 0.9677, 0.0000, -0.2521, 0.0000)
            (-0.0000, 1.0000, -0.0000, 0.0000)
            ( 0.2521, 0.0000,  0.9677, 0.0000)
            ( 7.0000, 1.0000,  6.0000, 1.0000)>
MESH
Arrow_Up
<Matrix 4x4 ( 0.1259, 0.0000, -0.9920, 0.0000)
            (-0.0000, 1.0000, -0.0000, 0.0000)
            ( 0.9920, 0.0000,  0.1259, 0.0000)
            (14.0000, 3.0000,  4.4767, 1.0000)>
MESH
Rock_2
<Matrix 4x4 (1.0000,  0.0000,  0.0000, 0.0000)
            (0.0000,  1.0000, -0.0000, 0.0000)
            (0.0000,  0.0000,  1.0000, 0.0000)
            (3.9082, 11.3259, 29.6391, 1.0000)>
MESH
Rock_1
<Matrix 4x4 (1.0000,  0.0000,  0.0000, 0.0000)
            (0.0000,  1.0000, -0.0000, 0.0000)
            (0.0000,  0.0000,  1.0000, 0.0000)
            (6.9082, 10.6496, 17.5593, 1.0000)>
LIGHT
Light
<Matrix 4x4 (-0.2909, -0.0552,  0.9552, 0.0000)
            (-0.7711,  0.6045, -0.1999, 0.0000)
            (-0.5664, -0.7947, -0.2184, 0.0000)
            ( 6.9844, 16.5534, 19.5648, 1.0000)>
MESH
Grass_2
<Matrix 4x4 (1.0000, 0.0000,  0.0000, 0.0000)
            (0.0000, 1.0000, -0.0000, 0.0000)
            (0.0000, 0.0000,  1.0000, 0.0000)
            (0.5818, 9.6496, 17.2602, 1.0000)>
MESH
Grass_2
<Matrix 4x4 (-0.9876,  0.0000, -0.1568, 0.0000)
            (-0.0000,  1.0000,  0.0000, 0.0000)
            ( 0.1568,  0.0000, -0.9876, 0.0000)
            ( 3.8320, 11.6496, 26.6900, 1.0000)>
MESH
Grass_1
<Matrix 4x4 (1.0000, 0.0000,  0.0000, 0.0000)
            (0.0000, 1.0000, -0.0000, 0.0000)
            (0.0000, 0.0000,  1.0000, 0.0000)
            (6.1863, 9.6496, 18.0393, 1.0000)>
MESH
Grass_1
<Matrix 4x4 (-0.3849, 0.0000, -0.9229, 0.0000)
            (-0.0000, 1.0000,  0.0000, 0.0000)
            ( 0.9229, 0.0000, -0.3849, 0.0000)
            ( 7.1965, 9.6496, 18.1345, 1.0000)>
MESH
Grass_1
<Matrix 4x4 ( 0.5238, 0.0000, -0.8518, 0.0000)
            (-0.0000, 1.0000, -0.0000, 0.0000)
            ( 0.8518, 0.0000,  0.5238, 0.0000)
            ( 6.3134, 9.6496, 18.3303, 1.0000)>
MESH
Cube_Grass_SideBottom_Tall
<Matrix 4x4 (-1.0000, 0.0000, -0.0052, 0.0000)
            (-0.0000, 1.0000,  0.0000, 0.0000)
            ( 0.0052, 0.0000, -1.0000, 0.0000)
            ( 5.9082, 8.6496, 29.5593, 1.0000)>
MESH
Cube_Grass_SideBottom_Tall
<Matrix 4x4 (-1.0000, 0.0000, -0.0052, 0.0000)
            (-0.0000, 1.0000,  0.0000, 0.0000)
            ( 0.0052, 0.0000, -1.0000, 0.0000)
            ( 7.9082, 8.6496, 29.5593, 1.0000)>
MESH
Cube_Grass_SideBottom_Tall
<Matrix 4x4 ( 0.0000, 0.0000,  1.0000, 0.0000)
            ( 0.0000, 1.0000, -0.0000, 0.0000)
            (-1.0000, 0.0000,  0.0000, 0.0000)
            ( 9.9082, 8.6496, 27.5593, 1.0000)>
MESH
Cube_Grass_SideBottom_Tall
<Matrix 4x4 ( 0.0000, 0.0000,  1.0000, 0.0000)
            ( 0.0000, 1.0000, -0.0000, 0.0000)
            (-1.0000, 0.0000,  0.0000, 0.0000)
            ( 9.9082, 8.6496, 25.5593, 1.0000)>
MESH
Cube_Grass_SideBottom_Tall
<Matrix 4x4 (1.0000, 0.0000,  0.0000, 0.0000)
            (0.0000, 1.0000, -0.0000, 0.0000)
            (0.0000, 0.0000,  1.0000, 0.0000)
            (7.9082, 8.6496, 23.5593, 1.0000)>
MESH
Cube_Grass_SideBottom_Tall
<Matrix 4x4 (1.0000, 0.0000,  0.0000, 0.0000)
            (0.0000, 1.0000, -0.0000, 0.0000)
            (0.0000, 0.0000,  1.0000, 0.0000)
            (5.9082, 8.6496, 23.5593, 1.0000)>
MESH
Cube_Grass_SideBottom_Tall
<Matrix 4x4 (-0.0070, 0.0000, -1.0000, 0.0000)
            (-0.0000, 1.0000,  0.0000, 0.0000)
            ( 1.0000, 0.0000, -0.0070, 0.0000)
            ( 1.9082, 8.6496, 25.5593, 1.0000)>
MESH
Cube_Grass_SideBottom_Tall
<Matrix 4x4 ( 1.0000, 0.0000, -0.0052, 0.0000)
            (-0.0000, 1.0000, -0.0000, 0.0000)
            ( 0.0052, 0.0000,  1.0000, 0.0000)
            ( 4.9082, 7.6496, 17.5593, 1.0000)>
MESH
Cube_Grass_SideBottom_Tall
<Matrix 4x4 ( 1.0000, 0.0000, -0.0052, 0.0000)
            (-0.0000, 1.0000, -0.0000, 0.0000)
            ( 0.0052, 0.0000,  1.0000, 0.0000)
            ( 2.9082, 7.6496, 17.5593, 1.0000)>
MESH
Cube_Grass_SideBottom_Tall
<Matrix 4x4 ( 0.0087, 0.0000, -1.0000, 0.0000)
            (-0.0000, 1.0000, -0.0000, 0.0000)
            ( 1.0000, 0.0000,  0.0087, 0.0000)
            ( 0.9082, 7.6496, 19.5593, 1.0000)>
MESH
Cube_Grass_SideBottom_Tall
<Matrix 4x4 ( 0.0087, 0.0000, -1.0000, 0.0000)
            (-0.0000, 1.0000, -0.0000, 0.0000)
            ( 1.0000, 0.0000,  0.0087, 0.0000)
            ( 0.9082, 7.6496, 21.5593, 1.0000)>
MESH
Cube_Grass_SideBottom_Tall
<Matrix 4x4 (-1.0000, 0.0000, -0.0052, 0.0000)
            (-0.0000, 1.0000,  0.0000, 0.0000)
            ( 0.0052, 0.0000, -1.0000, 0.0000)
            ( 2.9082, 7.6496, 23.5593, 1.0000)>
MESH
Cube_Grass_Side_Tall
<Matrix 4x4 ( 0.0000,  0.0000, -1.0000, 0.0000)
            (-0.0000,  1.0000, -0.0000, 0.0000)
            ( 1.0000,  0.0000,  0.0000, 0.0000)
            ( 1.9082, 10.6496, 25.5593, 1.0000)>
MESH
Cube_Grass_Side_Tall
<Matrix 4x4 ( 0.0000, 0.0000, -1.0000, 0.0000)
            (-0.0000, 1.0000, -0.0000, 0.0000)
            ( 1.0000, 0.0000,  0.0000, 0.0000)
            ( 0.9082, 9.6496, 21.5593, 1.0000)>
MESH
Cube_Grass_Side_Tall
<Matrix 4x4 (-1.0000, 0.0000, -0.0052, 0.0000)
            (-0.0000, 1.0000,  0.0000, 0.0000)
            ( 0.0052, 0.0000, -1.0000, 0.0000)
            ( 2.9082, 9.6496, 23.5593, 1.0000)>
MESH
Cube_Grass_Side_Tall
<Matrix 4x4 ( 0.0000, 0.0000,  1.0000, 0.0000)
            ( 0.0000, 1.0000, -0.0000, 0.0000)
            (-1.0000, 0.0000,  0.0000, 0.0000)
            ( 4.9082, 9.6496, 21.5593, 1.0000)>
MESH
Cube_Grass_Side_Tall
<Matrix 4x4 (1.0000, 0.0000,  0.0000, 0.0000)
            (0.0000, 1.0000, -0.0000, 0.0000)
            (0.0000, 0.0000,  1.0000, 0.0000)
            (4.9082, 9.6496, 17.5593, 1.0000)>
MESH
Cube_Grass_Side_Tall
<Matrix 4x4 (1.0000, 0.0000,  0.0000, 0.0000)
            (0.0000, 1.0000, -0.0000, 0.0000)
            (0.0000, 0.0000,  1.0000, 0.0000)
            (2.9082, 9.6496, 17.5593, 1.0000)>
MESH
Cube_Grass_Side_Tall
<Matrix 4x4 ( 0.0070,  0.0000,  1.0000, 0.0000)
            ( 0.0000,  1.0000, -0.0000, 0.0000)
            (-1.0000,  0.0000,  0.0070, 0.0000)
            ( 9.9082, 10.6496, 27.5593, 1.0000)>
MESH
Cube_Grass_Side_Tall
<Matrix 4x4 ( 0.0070,  0.0000,  1.0000, 0.0000)
            ( 0.0000,  1.0000, -0.0000, 0.0000)
            (-1.0000,  0.0000,  0.0070, 0.0000)
            ( 9.9082, 10.6496, 25.5593, 1.0000)>
MESH
Cube_Grass_Side_Tall
<Matrix 4x4 ( 0.0000, 0.0000, -1.0000, 0.0000)
            (-0.0000, 1.0000, -0.0000, 0.0000)
            ( 1.0000, 0.0000,  0.0000, 0.0000)
            ( 0.9082, 9.6496, 19.5593, 1.0000)>
MESH
Cube_Grass_Side_Tall
<Matrix 4x4 (-1.0000,  0.0000, -0.0017, 0.0000)
            (-0.0000,  1.0000,  0.0000, 0.0000)
            ( 0.0017,  0.0000, -1.0000, 0.0000)
            ( 7.9082, 10.6496, 29.5593, 1.0000)>
MESH
Cube_Grass_Side_Tall
<Matrix 4x4 (-1.0000,  0.0000, -0.0017, 0.0000)
            (-0.0000,  1.0000,  0.0000, 0.0000)
            ( 0.0017,  0.0000, -1.0000, 0.0000)
            ( 5.9082, 10.6496, 29.5593, 1.0000)>
MESH
Cube_Grass_Side_Tall
<Matrix 4x4 (1.0000,  0.0000,  0.0000, 0.0000)
            (0.0000,  1.0000, -0.0000, 0.0000)
            (0.0000,  0.0000,  1.0000, 0.0000)
            (3.9082, 10.6496, 23.5593, 1.0000)>
MESH
Cube_Grass_Side_Tall
<Matrix 4x4 (1.0000,  0.0000,  0.0000, 0.0000)
            (0.0000,  1.0000, -0.0000, 0.0000)
            (0.0000,  0.0000,  1.0000, 0.0000)
            (7.9082, 10.6496, 23.5593, 1.0000)>
MESH
Cube_Grass_Side_Tall
<Matrix 4x4 (1.0000,  0.0000,  0.0000, 0.0000)
            (0.0000,  1.0000, -0.0000, 0.0000)
            (0.0000,  0.0000,  1.0000, 0.0000)
            (5.9082, 10.6496, 23.5593, 1.0000)>
MESH
Cube_Grass_CornerBottom_Tall
<Matrix 4x4 (-1.0000, 0.0000,  0.0035, 0.0000)
            ( 0.0000, 1.0000,  0.0000, 0.0000)
            (-0.0035, 0.0000, -1.0000, 0.0000)
            ( 9.9082, 8.6496, 29.5593, 1.0000)>
MESH
Cube_Grass_CornerBottom_Tall
<Matrix 4x4 (-0.0021,  0.0010,  1.0000, 0.0000)
            (-0.0017,  1.0000, -0.0010, 0.0000)
            (-1.0000, -0.0017, -0.0021, 0.0000)
            ( 9.9082,  8.6496, 23.5593, 1.0000)>
MESH
Cube_Grass_CornerBottom_Tall
<Matrix 4x4 ( 0.0000, 0.0000, -1.0000, 0.0000)
            (-0.0000, 1.0000, -0.0000, 0.0000)
            ( 1.0000, 0.0000,  0.0000, 0.0000)
            ( 3.9082, 8.6496, 29.5593, 1.0000)>
MESH
Cube_Grass_CornerBottom_Tall
<Matrix 4x4 ( 0.0000, 0.0000, -1.0000, 0.0000)
            (-0.0000, 1.0000, -0.0000, 0.0000)
            ( 1.0000, 0.0000,  0.0000, 0.0000)
            ( 1.9082, 8.6496, 27.5593, 1.0000)>
MESH
Cube_Grass_CornerBottom_Tall
<Matrix 4x4 (-1.0000,  0.0010, -0.0004, 0.0000)
            ( 0.0010,  1.0000, -0.0017, 0.0000)
            ( 0.0004, -0.0017, -1.0000, 0.0000)
            ( 4.9082,  7.6496, 23.5593, 1.0000)>
MESH
Cube_Grass_CornerBottom_Tall
<Matrix 4x4 (-1.0000, 0.0000, -0.0000, 0.0000)
            (-0.0000, 1.0000,  0.0000, 0.0000)
            ( 0.0000, 0.0000, -1.0000, 0.0000)
            ( 4.9082, 7.6496, 21.5593, 1.0000)>
MESH
Cube_Grass_CornerBottom_Tall
<Matrix 4x4 ( 0.0000, 0.0000, -1.0000, 0.0000)
            (-0.0000, 1.0000, -0.0000, 0.0000)
            ( 1.0000, 0.0000,  0.0000, 0.0000)
            ( 0.9082, 7.6496, 23.5593, 1.0000)>
MESH
Cube_Grass_CornerBottom_Tall
<Matrix 4x4 (-1.0000, 0.0000, -0.0017, 0.0000)
            (-0.0000, 1.0000,  0.0000, 0.0000)
            ( 0.0017, 0.0000, -1.0000, 0.0000)
            ( 6.9082, 7.6496, 19.5593, 1.0000)>
MESH
Cube_Grass_CornerBottom_Tall
<Matrix 4x4 (1.0000, 0.0000,  0.0000, 0.0000)
            (0.0000, 1.0000, -0.0000, 0.0000)
            (0.0000, 0.0000,  1.0000, 0.0000)
            (0.9082, 7.6496, 17.5593, 1.0000)>
MESH
Cube_Grass_CornerBottom_Tall
<Matrix 4x4 ( 0.0000, 0.0000,  1.0000, 0.0000)
            ( 0.0000, 1.0000, -0.0000, 0.0000)
            (-1.0000, 0.0000,  0.0000, 0.0000)
            ( 6.9082, 7.6496, 17.5593, 1.0000)>
MESH
Cube_Grass_Corner_Tall
<Matrix 4x4 (1.0000,  0.0000,  0.0000, 0.0000)
            (0.0000,  1.0000, -0.0000, 0.0000)
            (0.0000,  0.0000,  1.0000, 0.0000)
            (1.9082, 10.6496, 23.5593, 1.0000)>
MESH
Cube_Grass_Corner_Tall
<Matrix 4x4 (-1.0000, 0.0000,  0.0052, 0.0000)
            ( 0.0000, 1.0000,  0.0000, 0.0000)
            (-0.0052, 0.0000, -1.0000, 0.0000)
            ( 4.9082, 9.6496, 23.5593, 1.0000)>
MESH
Cube_Grass_Corner_Tall
<Matrix 4x4 ( 0.0000, 0.0000, -1.0000, 0.0000)
            (-0.0000, 1.0000, -0.0000, 0.0000)
            ( 1.0000, 0.0000,  0.0000, 0.0000)
            ( 0.9082, 9.6496, 23.5593, 1.0000)>
MESH
Cube_Grass_Corner_Tall
<Matrix 4x4 (-1.0000, 0.0000, -0.0070, 0.0000)
            (-0.0000, 1.0000,  0.0000, 0.0000)
            ( 0.0070, 0.0000, -1.0000, 0.0000)
            ( 6.9082, 9.6496, 19.5593, 1.0000)>
MESH
Cube_Grass_Corner_Tall
<Matrix 4x4 ( 0.0000, 0.0000,  1.0000, 0.0000)
            ( 0.0000, 1.0000, -0.0000, 0.0000)
            (-1.0000, 0.0000,  0.0000, 0.0000)
            ( 6.9082, 9.6496, 17.5593, 1.0000)>
MESH
Cube_Grass_Corner_Tall
<Matrix 4x4 (1.0000, 0.0000,  0.0000, 0.0000)
            (0.0000, 1.0000, -0.0000, 0.0000)
            (0.0000, 0.0000,  1.0000, 0.0000)
            (0.9082, 9.6496, 17.5593, 1.0000)>
MESH
Cube_Grass_Corner_Tall
<Matrix 4x4 ( 0.0000,  0.0000, -1.0000, 0.0000)
            (-0.0000,  1.0000, -0.0000, 0.0000)
            ( 1.0000,  0.0000,  0.0000, 0.0000)
            ( 3.9082, 10.6496, 29.5593, 1.0000)>
MESH
Cube_Grass_Corner_Tall
<Matrix 4x4 (-1.0000,  0.0000,  0.0087, 0.0000)
            ( 0.0000,  1.0000,  0.0000, 0.0000)
            (-0.0087,  0.0000, -1.0000, 0.0000)
            ( 9.9082, 10.6496, 29.5593, 1.0000)>
MESH
Cube_Grass_Corner_Tall
<Matrix 4x4 ( 0.0000,  0.0000, -1.0000, 0.0000)
            (-0.0000,  1.0000, -0.0000, 0.0000)
            ( 1.0000,  0.0000,  0.0000, 0.0000)
            ( 1.9082, 10.6496, 27.5593, 1.0000)>
MESH
Cube_Grass_Corner_Tall
<Matrix 4x4 (-0.0000,  0.0000,  1.0000, 0.0000)
            ( 0.0000,  1.0000,  0.0000, 0.0000)
            (-1.0000,  0.0000, -0.0000, 0.0000)
            ( 9.9082, 10.6496, 23.5593, 1.0000)>
MESH
Cube_Grass_Center_Tall
<Matrix 4x4 (1.0000,  0.0000,  0.0000, 0.0000)
            (0.0000,  1.0000, -0.0000, 0.0000)
            (0.0000,  0.0000,  1.0000, 0.0000)
            (7.9082, 10.6496, 25.5593, 1.0000)>
MESH
Cube_Grass_Center_Tall
<Matrix 4x4 (1.0000, 0.0000,  0.0000, 0.0000)
            (0.0000, 1.0000, -0.0000, 0.0000)
            (0.0000, 0.0000,  1.0000, 0.0000)
            (2.9082, 9.6496, 21.5593, 1.0000)>
MESH
Cube_Grass_Center_Tall
<Matrix 4x4 (1.0000, 0.0000,  0.0000, 0.0000)
            (0.0000, 1.0000, -0.0000, 0.0000)
            (0.0000, 0.0000,  1.0000, 0.0000)
            (2.9082, 9.6496, 19.5593, 1.0000)>
MESH
Cube_Grass_Center_Tall
<Matrix 4x4 (1.0000, 0.0000,  0.0000, 0.0000)
            (0.0000, 1.0000, -0.0000, 0.0000)
            (0.0000, 0.0000,  1.0000, 0.0000)
            (4.9082, 9.6496, 19.5593, 1.0000)>
MESH
Cube_Grass_Center_Tall
<Matrix 4x4 (1.0000,  0.0000,  0.0000, 0.0000)
            (0.0000,  1.0000, -0.0000, 0.0000)
            (0.0000,  0.0000,  1.0000, 0.0000)
            (7.9082, 10.6496, 27.5593, 1.0000)>
MESH
Cube_Grass_Center_Tall
<Matrix 4x4 (1.0000,  0.0000,  0.0000, 0.0000)
            (0.0000,  1.0000, -0.0000, 0.0000)
            (0.0000,  0.0000,  1.0000, 0.0000)
            (5.9082, 10.6496, 27.5593, 1.0000)>
MESH
Cube_Grass_Center_Tall
<Matrix 4x4 (1.0000,  0.0000,  0.0000, 0.0000)
            (0.0000,  1.0000, -0.0000, 0.0000)
            (0.0000,  0.0000,  1.0000, 0.0000)
            (3.9082, 10.6496, 27.5593, 1.0000)>
MESH
Cube_Grass_Center_Tall
<Matrix 4x4 (1.0000,  0.0000,  0.0000, 0.0000)
            (0.0000,  1.0000, -0.0000, 0.0000)
            (0.0000,  0.0000,  1.0000, 0.0000)
            (3.9082, 10.6496, 25.5593, 1.0000)>
MESH
Cube_Grass_Center_Tall
<Matrix 4x4 (1.0000,  0.0000,  0.0000, 0.0000)
            (0.0000,  1.0000, -0.0000, 0.0000)
            (0.0000,  0.0000,  1.0000, 0.0000)
            (5.9082, 10.6496, 25.5593, 1.0000)>
MESH
Cube_Dirt_Center_Tall
<Matrix 4x4 (1.0000, 0.0000,  0.0000, 0.0000)
            (0.0000, 1.0000, -0.0000, 0.0000)
            (0.0000, 0.0000,  1.0000, 0.0000)
            (5.9082, 6.6496, 25.5593, 1.0000)>
MESH
Cube_Dirt_Center_Tall
<Matrix 4x4 (1.0000, 0.0000,  0.0000, 0.0000)
            (0.0000, 1.0000, -0.0000, 0.0000)
            (0.0000, 0.0000,  1.0000, 0.0000)
            (3.9082, 6.6496, 25.5593, 1.0000)>
MESH
Cube_Dirt_Center_Tall
<Matrix 4x4 (1.0000, 0.0000,  0.0000, 0.0000)
            (0.0000, 1.0000, -0.0000, 0.0000)
            (0.0000, 0.0000,  1.0000, 0.0000)
            (3.9082, 6.6496, 27.5593, 1.0000)>
MESH
Cube_Dirt_Center_Tall
<Matrix 4x4 (1.0000, 0.0000,  0.0000, 0.0000)
            (0.0000, 1.0000, -0.0000, 0.0000)
            (0.0000, 0.0000,  1.0000, 0.0000)
            (5.9082, 6.6496, 27.5593, 1.0000)>
MESH
Cube_Dirt_Center_Tall
<Matrix 4x4 (1.0000, 0.0000,  0.0000, 0.0000)
            (0.0000, 1.0000, -0.0000, 0.0000)
            (0.0000, 0.0000,  1.0000, 0.0000)
            (7.9082, 6.6496, 27.5593, 1.0000)>
MESH
Cube_Dirt_Center_Tall
<Matrix 4x4 (1.0000, 0.0000,  0.0000, 0.0000)
            (0.0000, 1.0000, -0.0000, 0.0000)
            (0.0000, 0.0000,  1.0000, 0.0000)
            (7.9082, 6.6496, 25.5593, 1.0000)>
MESH
Cube_Dirt_Center_Tall
<Matrix 4x4 (1.0000, 0.0000,  0.0000, 0.0000)
            (0.0000, 1.0000, -0.0000, 0.0000)
            (0.0000, 0.0000,  1.0000, 0.0000)
            (2.9082, 5.6496, 21.5593, 1.0000)>
MESH
Cube_Dirt_Center_Tall
<Matrix 4x4 (1.0000, 0.0000,  0.0000, 0.0000)
            (0.0000, 1.0000, -0.0000, 0.0000)
            (0.0000, 0.0000,  1.0000, 0.0000)
            (4.9082, 5.6496, 19.5593, 1.0000)>
MESH
Cube_Dirt_Center_Tall
<Matrix 4x4 (1.0000, 0.0000,  0.0000, 0.0000)
            (0.0000, 1.0000, -0.0000, 0.0000)
            (0.0000, 0.0000,  1.0000, 0.0000)
            (2.9082, 5.6496, 19.5593, 1.0000)>
MESH
Cube_Grass_CornerBottom_Tall
<Matrix 4x4 (-1.0000, 0.0000, -0.0017, 0.0000)
            (-0.0000, 1.0000,  0.0000, 0.0000)
            ( 0.0017, 0.0000, -1.0000, 0.0000)
            ( 6.9082, 7.6496, 21.5593, 1.0000)>
MESH
Cube_Grass_Corner_Tall
<Matrix 4x4 (-1.0000, 0.0000, -0.0070, 0.0000)
            (-0.0000, 1.0000,  0.0000, 0.0000)
            ( 0.0070, 0.0000, -1.0000, 0.0000)
            ( 6.9082, 9.6261, 21.5593, 1.0000)>
MESH
Tower
<Matrix 4x4 (1.0000,  0.0000,  0.0000, 0.0000)
            (0.0000,  1.0000, -0.0000, 0.0000)
            (0.0000,  0.0000,  1.0000, 0.0000)
            (6.2652, 10.2186, 26.0000, 1.0000)>
MESH
Cube_Grass_CornerBottom_Tall
<Matrix 4x4 ( 0.0000, 0.0000,  1.0000, 0.0000)
            ( 0.0000, 1.0000, -0.0000, 0.0000)
            (-1.0000, 0.0000,  0.0000, 0.0000)
            ( 8.9082, 7.6496, 21.5593, 1.0000)>
MESH
Cube_Grass_Corner_Tall
<Matrix 4x4 (-0.0000, 0.0000,  1.0000, 0.0000)
            ( 0.0000, 1.0000,  0.0000, 0.0000)
            (-1.0000, 0.0000, -0.0000, 0.0000)
            ( 8.9082, 9.6496, 21.5593, 1.0000)>
MESH
Cube_Grass_CornerBottom_Tall
<Matrix 4x4 (-0.9999, 0.0000, -0.0168, 0.0000)
            (-0.0000, 1.0000,  0.0000, 0.0000)
            ( 0.0168, 0.0000, -0.9999, 0.0000)
            ( 8.8534, 7.6496, 21.5593, 1.0000)>
MESH
Chest
<Matrix 4x4 ( 0.7431,  0.0000,  0.6691, 0.0000)
            ( 0.0000,  1.0000, -0.0000, 0.0000)
            (-0.6691,  0.0000,  0.7431, 0.0000)
            ( 1.3763, 10.6053, 20.5380, 1.0000)>
MESH
Cube_Grass_Side_Tall
<Matrix 4x4 (1.0000,  0.0000,  0.0000, 0.0000)
            (0.0000,  1.0000, -0.0000, 0.0000)
            (0.0000,  0.0000,  1.0000, 0.0000)
            (5.9082, 10.6496, 23.5593, 1.0000)>
MESH
Cube_Grass_Side_Tall
<Matrix 4x4 (1.0000,  0.0000,  0.0000, 0.0000)
            (0.0000,  1.0000, -0.0000, 0.0000)
            (0.0000,  0.0000,  1.0000, 0.0000)
            (7.9082, 10.6496, 23.5593, 1.0000)>
MESH
Fence_1
<Matrix 4x4 (1.0000,  0.0000,  0.0000, 0.0000)
            (0.0000,  1.0000, -0.0000, 0.0000)
            (0.0000,  0.0000,  1.0000, 0.0000)
            (1.3942, 10.5115, 18.3805, 1.0000)>
MESH
Cloud_3
<Matrix 4x4 ( 0.3201, 0.0000, -0.9474, 0.0000)
            (-0.0000, 1.0000, -0.0000, 0.0000)
            ( 0.9474, 0.0000,  0.3201, 0.0000)
            (11.0587, 8.3059, 13.9375, 1.0000)>
MESH
Arrow
<Matrix 4x4 (-0.9249, -0.3305,  0.1882, 0.0000)
            (-0.2809,  0.2601, -0.9238, 0.0000)
            ( 0.2564, -0.9072, -0.3334, 0.0000)
            (17.2638, 12.6760, 13.7115, 1.0000)>

