# Game Level Exporter v1.0
LIGHT
Light
<Matrix 4x4 (-0.2909, -0.0552,  0.9552, 0.0000)
            (-0.7711,  0.6045, -0.1999, 0.0000)
            (-0.5664, -0.7947, -0.2184, 0.0000)
            ( 4.0762,  5.9039,  1.0055, 1.0000)>
CAMERA
Camera
<Matrix 4x4 ( 0.6859,  0.0000,  0.7277, 0.0000)
            (-0.3240,  0.8954,  0.3054, 0.0000)
            (-0.6516, -0.4453,  0.6142, 0.0000)
            ( 7.3589,  4.9583, -6.9258, 1.0000)>
MESH
RockPlatforms_3
<Matrix 4x4 ( 0.8519, 0.0000,  0.5237, 0.0000)
            ( 0.0000, 1.0000, -0.0000, 0.0000)
            (-0.5237, 0.0000,  0.8519, 0.0000)
            ( 4.0000, 0.0000, -4.0000, 1.0000)>
MESH
Cube_Grass_Center_Tall
<Matrix 4x4 (1.0000,  0.0000,  0.0000, 0.0000)
            (0.0000,  1.0000, -0.0000, 0.0000)
            (0.0000,  0.0000,  1.0000, 0.0000)
            (0.0000, -1.0000,  0.0000, 1.0000)>
MESH
Cube_Grass_Center_Tall
<Matrix 4x4 (1.0000,  0.0000,  0.0000, 0.0000)
            (0.0000,  1.0000, -0.0000, 0.0000)
            (0.0000,  0.0000,  1.0000, 0.0000)
            (2.0000, -1.0000,  0.0000, 1.0000)>
MESH
Cube_Grass_Center_Tall
<Matrix 4x4 (1.0000,  0.0000,  0.0000, 0.0000)
            (0.0000,  1.0000, -0.0000, 0.0000)
            (0.0000,  0.0000,  1.0000, 0.0000)
            (4.0000, -1.0000,  0.0000, 1.0000)>
MESH
Cube_Grass_Center_Tall
<Matrix 4x4 (1.0000,  0.0000,  0.0000, 0.0000)
            (0.0000,  1.0000, -0.0000, 0.0000)
            (0.0000,  0.0000,  1.0000, 0.0000)
            (6.0000, -1.0000,  0.0000, 1.0000)>
MESH
Cube_Grass_Center_Tall
<Matrix 4x4 (1.0000,  0.0000,  0.0000, 0.0000)
            (0.0000,  1.0000, -0.0000, 0.0000)
            (0.0000,  0.0000,  1.0000, 0.0000)
            (8.0000, -1.0000,  0.0000, 1.0000)>
MESH
Cube_Grass_Center_Tall
<Matrix 4x4 (1.0000,  0.0000,  0.0000, 0.0000)
            (0.0000,  1.0000, -0.0000, 0.0000)
            (0.0000,  0.0000,  1.0000, 0.0000)
            (8.0000, -1.0000, -2.0000, 1.0000)>
MESH
Cube_Grass_Center_Tall
<Matrix 4x4 (1.0000,  0.0000,  0.0000, 0.0000)
            (0.0000,  1.0000, -0.0000, 0.0000)
            (0.0000,  0.0000,  1.0000, 0.0000)
            (6.0000, -1.0000, -2.0000, 1.0000)>
MESH
Cube_Grass_Center_Tall
<Matrix 4x4 (1.0000,  0.0000,  0.0000, 0.0000)
            (0.0000,  1.0000, -0.0000, 0.0000)
            (0.0000,  0.0000,  1.0000, 0.0000)
            (4.0000, -1.0000, -2.0000, 1.0000)>
MESH
Cube_Grass_Center_Tall
<Matrix 4x4 (1.0000,  0.0000,  0.0000, 0.0000)
            (0.0000,  1.0000, -0.0000, 0.0000)
            (0.0000,  0.0000,  1.0000, 0.0000)
            (2.0000, -1.0000, -2.0000, 1.0000)>
MESH
Cube_Grass_Center_Tall
<Matrix 4x4 (1.0000,  0.0000,  0.0000, 0.0000)
            (0.0000,  1.0000, -0.0000, 0.0000)
            (0.0000,  0.0000,  1.0000, 0.0000)
            (0.0000, -1.0000, -2.0000, 1.0000)>
MESH
Cube_Grass_Center_Tall
<Matrix 4x4 (1.0000,  0.0000,  0.0000, 0.0000)
            (0.0000,  1.0000, -0.0000, 0.0000)
            (0.0000,  0.0000,  1.0000, 0.0000)
            (0.0000, -1.0000, -4.0000, 1.0000)>
MESH
Cube_Grass_Center_Tall
<Matrix 4x4 (1.0000,  0.0000,  0.0000, 0.0000)
            (0.0000,  1.0000, -0.0000, 0.0000)
            (0.0000,  0.0000,  1.0000, 0.0000)
            (2.0000, -1.0000, -4.0000, 1.0000)>
MESH
Cube_Grass_Center_Tall
<Matrix 4x4 (1.0000,  0.0000,  0.0000, 0.0000)
            (0.0000,  1.0000, -0.0000, 0.0000)
            (0.0000,  0.0000,  1.0000, 0.0000)
            (4.0000, -1.0000, -4.0000, 1.0000)>
MESH
Cube_Grass_Center_Tall
<Matrix 4x4 (1.0000,  0.0000,  0.0000, 0.0000)
            (0.0000,  1.0000, -0.0000, 0.0000)
            (0.0000,  0.0000,  1.0000, 0.0000)
            (6.0000, -1.0000, -4.0000, 1.0000)>
MESH
Cube_Grass_Center_Tall
<Matrix 4x4 (1.0000,  0.0000,  0.0000, 0.0000)
            (0.0000,  1.0000, -0.0000, 0.0000)
            (0.0000,  0.0000,  1.0000, 0.0000)
            (8.0000, -1.0000, -4.0000, 1.0000)>
MESH
Cube_Grass_Center_Tall
<Matrix 4x4 (1.0000,  0.0000,  0.0000, 0.0000)
            (0.0000,  1.0000, -0.0000, 0.0000)
            (0.0000,  0.0000,  1.0000, 0.0000)
            (8.0000, -1.0000, -6.0000, 1.0000)>
MESH
Cube_Grass_Center_Tall
<Matrix 4x4 (1.0000,  0.0000,  0.0000, 0.0000)
            (0.0000,  1.0000, -0.0000, 0.0000)
            (0.0000,  0.0000,  1.0000, 0.0000)
            (6.0000, -1.0000, -6.0000, 1.0000)>
MESH
Cube_Grass_Center_Tall
<Matrix 4x4 (1.0000,  0.0000,  0.0000, 0.0000)
            (0.0000,  1.0000, -0.0000, 0.0000)
            (0.0000,  0.0000,  1.0000, 0.0000)
            (4.0000, -1.0000, -6.0000, 1.0000)>
MESH
Cube_Grass_Center_Tall
<Matrix 4x4 (1.0000,  0.0000,  0.0000, 0.0000)
            (0.0000,  1.0000, -0.0000, 0.0000)
            (0.0000,  0.0000,  1.0000, 0.0000)
            (2.0000, -1.0000, -6.0000, 1.0000)>
MESH
Cube_Grass_Center_Tall
<Matrix 4x4 (1.0000,  0.0000,  0.0000, 0.0000)
            (0.0000,  1.0000, -0.0000, 0.0000)
            (0.0000,  0.0000,  1.0000, 0.0000)
            (0.0000, -1.0000, -6.0000, 1.0000)>
MESH
Cube_Grass_Center_Tall
<Matrix 4x4 (1.0000,  0.0000,  0.0000, 0.0000)
            (0.0000,  1.0000, -0.0000, 0.0000)
            (0.0000,  0.0000,  1.0000, 0.0000)
            (0.0000, -1.0000, -8.0000, 1.0000)>
MESH
Cube_Grass_Center_Tall
<Matrix 4x4 (1.0000,  0.0000,  0.0000, 0.0000)
            (0.0000,  1.0000, -0.0000, 0.0000)
            (0.0000,  0.0000,  1.0000, 0.0000)
            (2.0000, -1.0000, -8.0000, 1.0000)>
MESH
Cube_Grass_Center_Tall
<Matrix 4x4 (1.0000,  0.0000,  0.0000, 0.0000)
            (0.0000,  1.0000, -0.0000, 0.0000)
            (0.0000,  0.0000,  1.0000, 0.0000)
            (4.0000, -1.0000, -8.0000, 1.0000)>
MESH
Cube_Grass_Center_Tall
<Matrix 4x4 (1.0000,  0.0000,  0.0000, 0.0000)
            (0.0000,  1.0000, -0.0000, 0.0000)
            (0.0000,  0.0000,  1.0000, 0.0000)
            (6.0000, -1.0000, -8.0000, 1.0000)>
MESH
Cube_Grass_Center_Tall
<Matrix 4x4 (1.0000,  0.0000,  0.0000, 0.0000)
            (0.0000,  1.0000, -0.0000, 0.0000)
            (0.0000,  0.0000,  1.0000, 0.0000)
            (8.0000, -1.0000, -8.0000, 1.0000)>
MESH
Tree
<Matrix 4x4 (1.0000, 0.0000,  0.0000, 0.0000)
            (0.0000, 1.0000, -0.0000, 0.0000)
            (0.0000, 0.0000,  1.0000, 0.0000)
            (7.0000, 0.0000, -8.0000, 1.0000)>
MESH
Grass_1
<Matrix 4x4 ( 0.4089,  0.0000, -0.9126, 0.0000)
            (-0.0000,  1.0000, -0.0000, 0.0000)
            ( 0.9126,  0.0000,  0.4089, 0.0000)
            ( 3.0000, -1.0000, -2.1149, 1.0000)>
MESH
Rock_1
<Matrix 4x4 (-0.6565, 0.0000,  0.7543, 0.0000)
            ( 0.0000, 1.0000,  0.0000, 0.0000)
            (-0.7543, 0.0000, -0.6565, 0.0000)
            ( 7.0000, 0.0000, -2.0000, 1.0000)>
MESH
Grass_3
<Matrix 4x4 (-0.3677,  0.0000,  0.9299, 0.0000)
            ( 0.0000,  1.0000,  0.0000, 0.0000)
            (-0.9299,  0.0000, -0.3677, 0.0000)
            ( 1.8289, -1.0000, -6.0000, 1.0000)>
MESH
Fruit
<Matrix 4x4 (1.0000,  0.0000,  0.0000, 0.0000)
            (0.0000,  0.9124,  0.4092, 0.0000)
            (0.0000, -0.4092,  0.9124, 0.0000)
            (4.0000,  4.3706, -3.0000, 1.0000)>
MESH
Fruit
<Matrix 4x4 (-0.3830,  0.0000,  0.9237, 0.0000)
            (-0.3780,  0.9124, -0.1567, 0.0000)
            (-0.8429, -0.4092, -0.3495, 0.0000)
            ( 3.2553,  2.9145, -4.9573, 1.0000)>
MESH
Fruit
<Matrix 4x4 (-0.2108, 0.3198,  0.9237, 0.0000)
            ( 0.5538, 0.8178, -0.1567, 0.0000)
            (-0.8055, 0.4785, -0.3495, 0.0000)
            ( 4.3561, 2.9145, -5.5773, 1.0000)>
MESH
Rock_2
<Matrix 4x4 ( 0.7373,  0.6749, -0.0294, 0.0000)
            (-0.6743,  0.7379,  0.0269, 0.0000)
            ( 0.0398,  0.0000,  0.9992, 0.0000)
            ( 1.6574, -0.3030, -3.9035, 1.0000)>
MESH
Grass_2
<Matrix 4x4 ( 0.9787,  0.0000,  0.2053, 0.0000)
            ( 0.0000,  1.0000, -0.0000, 0.0000)
            (-0.2053,  0.0000,  0.9787, 0.0000)
            ( 6.1185, -1.0000, -1.3857, 1.0000)>
MESH
Cloud_3
<Matrix 4x4 (1.0000, 0.0000,  0.0000, 0.0000)
            (0.0000, 1.0000, -0.0000, 0.0000)
            (0.0000, 0.0000,  1.0000, 0.0000)
            (0.1981, 8.7217, -9.0503, 1.0000)>
MESH
Chest
<Matrix 4x4 (-0.9232, 0.0000,  0.3842, 0.0000)
            ( 0.0000, 1.0000,  0.0000, 0.0000)
            (-0.3842, 0.0000, -0.9232, 0.0000)
            ( 7.3428, 0.0000, -6.6785, 1.0000)>
MESH
Cube_Dirt_Center_Tall
<Matrix 4x4 (1.0000,  0.0000, 0.0000, 0.0000)
            (0.0000,  0.0000, 1.0000, 0.0000)
            (0.0000, -1.0000, 0.0000, 0.0000)
            (0.0000, -1.0000, 0.0000, 1.0000)>
MESH
Cube_Dirt_Center_Tall
<Matrix 4x4 (1.0000,  0.0000, 0.0000, 0.0000)
            (0.0000,  0.0000, 1.0000, 0.0000)
            (0.0000, -1.0000, 0.0000, 0.0000)
            (2.0000, -1.0000, 0.0000, 1.0000)>
MESH
Cube_Dirt_Center_Tall
<Matrix 4x4 (1.0000,  0.0000, 0.0000, 0.0000)
            (0.0000,  0.0000, 1.0000, 0.0000)
            (0.0000, -1.0000, 0.0000, 0.0000)
            (4.0000, -1.0000, 0.0000, 1.0000)>
MESH
Cube_Dirt_Center_Tall
<Matrix 4x4 (1.0000,  0.0000, 0.0000, 0.0000)
            (0.0000,  0.0000, 1.0000, 0.0000)
            (0.0000, -1.0000, 0.0000, 0.0000)
            (6.0000, -1.0000, 0.0000, 1.0000)>
MESH
Cube_Dirt_Center_Tall
<Matrix 4x4 (1.0000,  0.0000, 0.0000, 0.0000)
            (0.0000,  0.0000, 1.0000, 0.0000)
            (0.0000, -1.0000, 0.0000, 0.0000)
            (8.0000, -1.0000, 0.0000, 1.0000)>
MESH
Cube_Dirt_Center_Tall
<Matrix 4x4 (-0.0000,  0.0000, -1.0000, 0.0000)
            ( 1.0000,  0.0000, -0.0000, 0.0000)
            ( 0.0000, -1.0000,  0.0000, 0.0000)
            ( 8.0000, -1.0000,  0.0000, 1.0000)>
MESH
Cube_Dirt_Center_Tall
<Matrix 4x4 (-0.0000,  0.0000, -1.0000, 0.0000)
            ( 1.0000,  0.0000, -0.0000, 0.0000)
            ( 0.0000, -1.0000,  0.0000, 0.0000)
            ( 8.0000, -1.0000, -2.0000, 1.0000)>
MESH
Cube_Dirt_Center_Tall
<Matrix 4x4 (-0.0000,  0.0000, -1.0000, 0.0000)
            ( 1.0000,  0.0000, -0.0000, 0.0000)
            ( 0.0000, -1.0000,  0.0000, 0.0000)
            ( 8.0000, -1.0000, -4.0000, 1.0000)>
MESH
Cube_Dirt_Center_Tall
<Matrix 4x4 (-0.0000,  0.0000, -1.0000, 0.0000)
            ( 1.0000,  0.0000, -0.0000, 0.0000)
            ( 0.0000, -1.0000,  0.0000, 0.0000)
            ( 8.0000, -1.0000, -6.0000, 1.0000)>
MESH
Cube_Dirt_Center_Tall
<Matrix 4x4 (-0.0000,  0.0000, -1.0000, 0.0000)
            ( 1.0000,  0.0000, -0.0000, 0.0000)
            ( 0.0000, -1.0000,  0.0000, 0.0000)
            ( 8.0000, -1.0000, -8.0000, 1.0000)>
MESH
Cube_Dirt_Center_Tall
<Matrix 4x4 (-1.0000,  0.0000,  0.0000, 0.0000)
            (-0.0000,  0.0000, -1.0000, 0.0000)
            ( 0.0000, -1.0000,  0.0000, 0.0000)
            ( 8.0000, -1.0000, -8.0000, 1.0000)>
MESH
Cube_Dirt_Center_Tall
<Matrix 4x4 (-1.0000,  0.0000,  0.0000, 0.0000)
            (-0.0000,  0.0000, -1.0000, 0.0000)
            ( 0.0000, -1.0000,  0.0000, 0.0000)
            ( 6.0000, -1.0000, -8.0000, 1.0000)>
MESH
Cube_Dirt_Center_Tall
<Matrix 4x4 (-1.0000,  0.0000,  0.0000, 0.0000)
            (-0.0000,  0.0000, -1.0000, 0.0000)
            ( 0.0000, -1.0000,  0.0000, 0.0000)
            ( 4.0000, -1.0000, -8.0000, 1.0000)>
MESH
Cube_Dirt_Center_Tall
<Matrix 4x4 (-1.0000,  0.0000,  0.0000, 0.0000)
            (-0.0000,  0.0000, -1.0000, 0.0000)
            ( 0.0000, -1.0000,  0.0000, 0.0000)
            ( 2.0000, -1.0000, -8.0000, 1.0000)>
MESH
Cube_Dirt_Center_Tall
<Matrix 4x4 (-1.0000,  0.0000,  0.0000, 0.0000)
            (-0.0000,  0.0000, -1.0000, 0.0000)
            ( 0.0000, -1.0000,  0.0000, 0.0000)
            ( 0.0000, -1.0000, -8.0000, 1.0000)>
MESH
Cube_Dirt_Center_Tall
<Matrix 4x4 (-0.0010,  0.0000,  1.0000, 0.0000)
            (-1.0000,  0.0000, -0.0010, 0.0000)
            ( 0.0000, -1.0000,  0.0000, 0.0000)
            ( 0.0000, -1.0000, -8.0000, 1.0000)>
MESH
Cube_Dirt_Center_Tall
<Matrix 4x4 (-0.0010,  0.0000,  1.0000, 0.0000)
            (-1.0000,  0.0000, -0.0010, 0.0000)
            ( 0.0000, -1.0000,  0.0000, 0.0000)
            ( 0.0000, -1.0000, -6.0000, 1.0000)>
MESH
Cube_Dirt_Center_Tall
<Matrix 4x4 (-0.0010,  0.0000,  1.0000, 0.0000)
            (-1.0000,  0.0000, -0.0010, 0.0000)
            ( 0.0000, -1.0000,  0.0000, 0.0000)
            ( 0.0000, -1.0000, -4.0000, 1.0000)>
MESH
Cube_Dirt_Center_Tall
<Matrix 4x4 (-0.0010,  0.0000,  1.0000, 0.0000)
            (-1.0000,  0.0000, -0.0010, 0.0000)
            ( 0.0000, -1.0000,  0.0000, 0.0000)
            ( 0.0000, -1.0000, -2.0000, 1.0000)>
MESH
Cube_Dirt_Center_Tall
<Matrix 4x4 (-0.0010,  0.0000,  1.0000, 0.0000)
            (-1.0000,  0.0000, -0.0010, 0.0000)
            ( 0.0000, -1.0000,  0.0000, 0.0000)
            ( 0.0000, -1.0000,  0.0000, 1.0000)>
MESH
Cube_Dirt_Center_Tall
<Matrix 4x4 (0.0000, -0.0010,  1.0000, 0.0000)
            (0.0000, -1.0000, -0.0010, 0.0000)
            (1.0000,  0.0000, -0.0000, 0.0000)
            (0.0000, -1.0000, -8.0000, 1.0000)>
MESH
Cube_Dirt_Center_Tall
<Matrix 4x4 (0.0000, -0.0010,  1.0000, 0.0000)
            (0.0000, -1.0000, -0.0010, 0.0000)
            (1.0000,  0.0000, -0.0000, 0.0000)
            (0.0000, -1.0000, -6.0000, 1.0000)>
MESH
Cube_Dirt_Center_Tall
<Matrix 4x4 (0.0000, -0.0010,  1.0000, 0.0000)
            (0.0000, -1.0000, -0.0010, 0.0000)
            (1.0000,  0.0000, -0.0000, 0.0000)
            (2.0000, -1.0000, -6.0000, 1.0000)>
MESH
Cube_Dirt_Center_Tall
<Matrix 4x4 (0.0000, -0.0010,  1.0000, 0.0000)
            (0.0000, -1.0000, -0.0010, 0.0000)
            (1.0000,  0.0000, -0.0000, 0.0000)
            (2.0000, -1.0000, -8.0000, 1.0000)>
MESH
Cube_Dirt_Center_Tall
<Matrix 4x4 (0.0000, -0.0010,  1.0000, 0.0000)
            (0.0000, -1.0000, -0.0010, 0.0000)
            (1.0000,  0.0000, -0.0000, 0.0000)
            (4.0000, -1.0000, -8.0000, 1.0000)>
MESH
Cube_Dirt_Center_Tall
<Matrix 4x4 (0.0000, -0.0010,  1.0000, 0.0000)
            (0.0000, -1.0000, -0.0010, 0.0000)
            (1.0000,  0.0000, -0.0000, 0.0000)
            (4.0000, -1.0000, -6.0000, 1.0000)>
MESH
Cube_Dirt_Center_Tall
<Matrix 4x4 (0.0000, -0.0010,  1.0000, 0.0000)
            (0.0000, -1.0000, -0.0010, 0.0000)
            (1.0000,  0.0000, -0.0000, 0.0000)
            (4.0000, -1.0000, -4.0000, 1.0000)>
MESH
Cube_Dirt_Center_Tall
<Matrix 4x4 (0.0000, -0.0010,  1.0000, 0.0000)
            (0.0000, -1.0000, -0.0010, 0.0000)
            (1.0000,  0.0000, -0.0000, 0.0000)
            (2.0000, -1.0000, -4.0000, 1.0000)>
MESH
Cube_Dirt_Center_Tall
<Matrix 4x4 (0.0000, -0.0010,  1.0000, 0.0000)
            (0.0000, -1.0000, -0.0010, 0.0000)
            (1.0000,  0.0000, -0.0000, 0.0000)
            (0.0000, -1.0000, -4.0000, 1.0000)>
MESH
Cube_Dirt_Center_Tall
<Matrix 4x4 (0.0000, -0.0010,  1.0000, 0.0000)
            (0.0000, -1.0000, -0.0010, 0.0000)
            (1.0000,  0.0000, -0.0000, 0.0000)
            (0.0000, -1.0000,  0.0000, 1.0000)>
MESH
Cube_Dirt_Center_Tall
<Matrix 4x4 (0.0000, -0.0010,  1.0000, 0.0000)
            (0.0000, -1.0000, -0.0010, 0.0000)
            (1.0000,  0.0000, -0.0000, 0.0000)
            (2.0000, -1.0000,  0.0000, 1.0000)>
MESH
Cube_Dirt_Center_Tall
<Matrix 4x4 (0.0000, -0.0010,  1.0000, 0.0000)
            (0.0000, -1.0000, -0.0010, 0.0000)
            (1.0000,  0.0000, -0.0000, 0.0000)
            (4.0000, -1.0000,  0.0000, 1.0000)>
MESH
Cube_Dirt_Center_Tall
<Matrix 4x4 (0.0000, -0.0010,  1.0000, 0.0000)
            (0.0000, -1.0000, -0.0010, 0.0000)
            (1.0000,  0.0000, -0.0000, 0.0000)
            (4.0000, -1.0000, -2.0000, 1.0000)>
MESH
Cube_Dirt_Center_Tall
<Matrix 4x4 (0.0000, -0.0010,  1.0000, 0.0000)
            (0.0000, -1.0000, -0.0010, 0.0000)
            (1.0000,  0.0000, -0.0000, 0.0000)
            (2.0000, -1.0000, -2.0000, 1.0000)>
MESH
Cube_Dirt_Center_Tall
<Matrix 4x4 (0.0000, -0.0010,  1.0000, 0.0000)
            (0.0000, -1.0000, -0.0010, 0.0000)
            (1.0000,  0.0000, -0.0000, 0.0000)
            (0.0000, -1.0000, -2.0000, 1.0000)>
MESH
Cube_Dirt_Center_Tall
<Matrix 4x4 (0.0000, -0.0010,  1.0000, 0.0000)
            (0.0000, -1.0000, -0.0010, 0.0000)
            (1.0000,  0.0000, -0.0000, 0.0000)
            (6.0000, -1.0000, -2.0000, 1.0000)>
MESH
Cube_Dirt_Center_Tall
<Matrix 4x4 (0.0000, -0.0010,  1.0000, 0.0000)
            (0.0000, -1.0000, -0.0010, 0.0000)
            (1.0000,  0.0000, -0.0000, 0.0000)
            (8.0000, -1.0000, -2.0000, 1.0000)>
MESH
Cube_Dirt_Center_Tall
<Matrix 4x4 (0.0000, -0.0010,  1.0000, 0.0000)
            (0.0000, -1.0000, -0.0010, 0.0000)
            (1.0000,  0.0000, -0.0000, 0.0000)
            (8.0000, -1.0000,  0.0000, 1.0000)>
MESH
Cube_Dirt_Center_Tall
<Matrix 4x4 (0.0000, -0.0010,  1.0000, 0.0000)
            (0.0000, -1.0000, -0.0010, 0.0000)
            (1.0000,  0.0000, -0.0000, 0.0000)
            (6.0000, -1.0000,  0.0000, 1.0000)>
MESH
Cube_Dirt_Center_Tall
<Matrix 4x4 (0.0000, -0.0010,  1.0000, 0.0000)
            (0.0000, -1.0000, -0.0010, 0.0000)
            (1.0000,  0.0000, -0.0000, 0.0000)
            (6.0000, -1.0000, -4.0000, 1.0000)>
MESH
Cube_Dirt_Center_Tall
<Matrix 4x4 (0.0000, -0.0010,  1.0000, 0.0000)
            (0.0000, -1.0000, -0.0010, 0.0000)
            (1.0000,  0.0000, -0.0000, 0.0000)
            (8.0000, -1.0000, -4.0000, 1.0000)>
MESH
Cube_Dirt_Center_Tall
<Matrix 4x4 (0.0000, -0.0010,  1.0000, 0.0000)
            (0.0000, -1.0000, -0.0010, 0.0000)
            (1.0000,  0.0000, -0.0000, 0.0000)
            (8.0000, -1.0000, -6.0000, 1.0000)>
MESH
Cube_Dirt_Center_Tall
<Matrix 4x4 (0.0000, -0.0010,  1.0000, 0.0000)
            (0.0000, -1.0000, -0.0010, 0.0000)
            (1.0000,  0.0000, -0.0000, 0.0000)
            (8.0000, -1.0000, -8.0000, 1.0000)>
MESH
Cube_Dirt_Center_Tall
<Matrix 4x4 (0.0000, -0.0010,  1.0000, 0.0000)
            (0.0000, -1.0000, -0.0010, 0.0000)
            (1.0000,  0.0000, -0.0000, 0.0000)
            (6.0000, -1.0000, -8.0000, 1.0000)>
MESH
Cube_Dirt_Center_Tall
<Matrix 4x4 (0.0000, -0.0010,  1.0000, 0.0000)
            (0.0000, -1.0000, -0.0010, 0.0000)
            (1.0000,  0.0000, -0.0000, 0.0000)
            (6.0000, -1.0000, -6.0000, 1.0000)>
MESH
Bridge_Modular
<Matrix 4x4 (-0.0000, 0.0000,  1.0000, 0.0000)
            ( 0.0000, 1.0000,  0.0000, 0.0000)
            (-1.0000, 0.0000, -0.0000, 0.0000)
            ( 1.0000, 0.0000,  1.0000, 1.0000)>
MESH
Bridge_Modular_Center
<Matrix 4x4 (-0.0000, 0.0000, -1.0000, 0.0000)
            (-0.0000, 1.0000,  0.0000, 0.0000)
            ( 1.0000, 0.0000, -0.0000, 0.0000)
            ( 1.0000, 0.0000,  4.0000, 1.0000)>
MESH
Cloud_2
<Matrix 4x4 ( 0.6124,  0.0000, -0.7906, 0.0000)
            (-0.0000,  1.0000, -0.0000, 0.0000)
            ( 0.7906,  0.0000,  0.6124, 0.0000)
            ( 1.7505, -1.6401,  4.0000, 1.0000)>
MESH
Cloud_2
<Matrix 4x4 (-0.1827, -0.1809, -0.9664, 0.0000)
            (-0.0000,  0.9829, -0.1840, 0.0000)
            ( 0.9832, -0.0336, -0.1795, 0.0000)
            ( 0.0505, -1.9665,  4.0000, 1.0000)>
MESH
Bridge_Modular_Center
<Matrix 4x4 (-0.0000, 0.0000, -1.0000, 0.0000)
            (-0.0000, 1.0000,  0.0000, 0.0000)
            ( 1.0000, 0.0000, -0.0000, 0.0000)
            ( 1.0000, 0.0000,  7.0000, 1.0000)>
MESH
Cloud_2
<Matrix 4x4 (-0.9803,  0.0000, -0.1973, 0.0000)
            (-0.0000,  1.0000,  0.0000, 0.0000)
            ( 0.1973,  0.0000, -0.9803, 0.0000)
            ( 0.5794, -2.3645,  2.3419, 1.0000)>
MESH
Cloud_3
<Matrix 4x4 ( 0.8533,  0.0000, -0.5214, 0.0000)
            (-0.0000,  1.0000, -0.0000, 0.0000)
            ( 0.5214,  0.0000,  0.8533, 0.0000)
            ( 0.8363, -2.2930,  6.9168, 1.0000)>
MESH
Bridge_Modular
<Matrix 4x4 (-0.0000, 0.0000, -1.0000, 0.0000)
            (-0.0000, 1.0000,  0.0000, 0.0000)
            ( 1.0000, 0.0000, -0.0000, 0.0000)
            ( 1.0000, 0.0000, 10.0000, 1.0000)>
MESH
Cube_Grass_Center_Tall
<Matrix 4x4 (1.0000,  0.0000,  0.0000, 0.0000)
            (0.0000,  1.0000, -0.0000, 0.0000)
            (0.0000,  0.0000,  1.0000, 0.0000)
            (0.0000, -1.0000, 12.0000, 1.0000)>
MESH
Cube_Grass_Center_Tall
<Matrix 4x4 (1.0000,  0.0000,  0.0000, 0.0000)
            (0.0000,  1.0000, -0.0000, 0.0000)
            (0.0000,  0.0000,  1.0000, 0.0000)
            (0.0000, -1.0000, 10.0000, 1.0000)>
MESH
Cube_Grass_Center_Tall
<Matrix 4x4 (1.0000,  0.0000,  0.0000, 0.0000)
            (0.0000,  1.0000, -0.0000, 0.0000)
            (0.0000,  0.0000,  1.0000, 0.0000)
            (2.0000, -1.0000, 10.0000, 1.0000)>
MESH
Cube_Grass_Center_Tall
<Matrix 4x4 (1.0000,  0.0000,  0.0000, 0.0000)
            (0.0000,  1.0000, -0.0000, 0.0000)
            (0.0000,  0.0000,  1.0000, 0.0000)
            (2.0000, -1.0000, 12.0000, 1.0000)>
MESH
Cube_Dirt_Center_Tall
<Matrix 4x4 (1.0000,  0.0000, 0.0000, 0.0000)
            (0.0000,  0.0000, 1.0000, 0.0000)
            (0.0000, -1.0000, 0.0000, 0.0000)
            (0.0000, -1.0000, 8.0000, 1.0000)>
MESH
Cube_Dirt_Center_Tall
<Matrix 4x4 (1.0000,  0.0000, 0.0000, 0.0000)
            (0.0000,  0.0000, 1.0000, 0.0000)
            (0.0000, -1.0000, 0.0000, 0.0000)
            (2.0000, -1.0000, 8.0000, 1.0000)>
MESH
Cube_Grass_Center_Tall
<Matrix 4x4 ( 1.0000,  0.0000,  0.0000, 0.0000)
            ( 0.0000,  1.0000, -0.0000, 0.0000)
            ( 0.0000,  0.0000,  1.0000, 0.0000)
            (-2.0000, -1.0000, 12.0000, 1.0000)>
MESH
Cube_Grass_Center_Tall
<Matrix 4x4 ( 1.0000,  0.0000,  0.0000, 0.0000)
            ( 0.0000,  1.0000, -0.0000, 0.0000)
            ( 0.0000,  0.0000,  1.0000, 0.0000)
            (-2.0000, -1.0000, 10.0000, 1.0000)>
MESH
Cube_Grass_Center_Tall
<Matrix 4x4 ( 1.0000,  0.0000,  0.0000, 0.0000)
            ( 0.0000,  1.0000, -0.0000, 0.0000)
            ( 0.0000,  0.0000,  1.0000, 0.0000)
            (-4.0000, -1.0000, 10.0000, 1.0000)>
MESH
Cube_Grass_Center_Tall
<Matrix 4x4 ( 1.0000,  0.0000,  0.0000, 0.0000)
            ( 0.0000,  1.0000, -0.0000, 0.0000)
            ( 0.0000,  0.0000,  1.0000, 0.0000)
            (-4.0000, -1.0000, 12.0000, 1.0000)>
MESH
Cube_Grass_Center_Tall
<Matrix 4x4 ( 1.0000,  0.0000,  0.0000, 0.0000)
            ( 0.0000,  1.0000, -0.0000, 0.0000)
            ( 0.0000,  0.0000,  1.0000, 0.0000)
            (-4.0000, -1.0000, 14.0000, 1.0000)>
MESH
Cube_Grass_Center_Tall
<Matrix 4x4 ( 1.0000,  0.0000,  0.0000, 0.0000)
            ( 0.0000,  1.0000, -0.0000, 0.0000)
            ( 0.0000,  0.0000,  1.0000, 0.0000)
            (-2.0000, -1.0000, 14.0000, 1.0000)>
MESH
Cube_Grass_Center_Tall
<Matrix 4x4 ( 1.0000,  0.0000,  0.0000, 0.0000)
            ( 0.0000,  1.0000, -0.0000, 0.0000)
            ( 0.0000,  0.0000,  1.0000, 0.0000)
            (-6.0000, -1.0000, 14.0000, 1.0000)>
MESH
Cube_Grass_Center_Tall
<Matrix 4x4 ( 1.0000,  0.0000,  0.0000, 0.0000)
            ( 0.0000,  1.0000, -0.0000, 0.0000)
            ( 0.0000,  0.0000,  1.0000, 0.0000)
            (-6.0000, -1.0000, 16.0000, 1.0000)>
MESH
Cube_Grass_Center_Tall
<Matrix 4x4 ( 1.0000,  0.0000,  0.0000, 0.0000)
            ( 0.0000,  1.0000, -0.0000, 0.0000)
            ( 0.0000,  0.0000,  1.0000, 0.0000)
            (-2.0000, -1.0000, 20.0000, 1.0000)>
MESH
Cube_Grass_Center_Tall
<Matrix 4x4 ( 1.0000,  0.0000,  0.0000, 0.0000)
            ( 0.0000,  1.0000, -0.0000, 0.0000)
            ( 0.0000,  0.0000,  1.0000, 0.0000)
            (-4.0000, -1.0000, 20.0000, 1.0000)>
MESH
Cube_Grass_Center_Tall
<Matrix 4x4 ( 1.0000,  0.0000,  0.0000, 0.0000)
            ( 0.0000,  1.0000, -0.0000, 0.0000)
            ( 0.0000,  0.0000,  1.0000, 0.0000)
            (-4.0000, -1.0000, 18.0000, 1.0000)>
MESH
Cube_Grass_Center_Tall
<Matrix 4x4 ( 1.0000,  0.0000,  0.0000, 0.0000)
            ( 0.0000,  1.0000, -0.0000, 0.0000)
            ( 0.0000,  0.0000,  1.0000, 0.0000)
            (-4.0000, -1.0000, 16.0000, 1.0000)>
MESH
Cube_Grass_Center_Tall
<Matrix 4x4 ( 1.0000,  0.0000,  0.0000, 0.0000)
            ( 0.0000,  1.0000, -0.0000, 0.0000)
            ( 0.0000,  0.0000,  1.0000, 0.0000)
            (-2.0000, -1.0000, 16.0000, 1.0000)>
MESH
Cube_Grass_Center_Tall
<Matrix 4x4 ( 1.0000,  0.0000,  0.0000, 0.0000)
            ( 0.0000,  1.0000, -0.0000, 0.0000)
            ( 0.0000,  0.0000,  1.0000, 0.0000)
            (-2.0000, -1.0000, 18.0000, 1.0000)>
MESH
Cube_Grass_Center_Tall
<Matrix 4x4 ( 1.0000,  0.0000,  0.0000, 0.0000)
            ( 0.0000,  1.0000, -0.0000, 0.0000)
            ( 0.0000,  0.0000,  1.0000, 0.0000)
            (-6.0000, -1.0000, 18.0000, 1.0000)>
MESH
Cube_Grass_Center_Tall
<Matrix 4x4 ( 1.0000,  0.0000,  0.0000, 0.0000)
            ( 0.0000,  1.0000, -0.0000, 0.0000)
            ( 0.0000,  0.0000,  1.0000, 0.0000)
            (-8.0000, -1.0000, 18.0000, 1.0000)>
MESH
Cube_Grass_Center_Tall
<Matrix 4x4 ( 1.0000,  0.0000,  0.0000, 0.0000)
            ( 0.0000,  1.0000, -0.0000, 0.0000)
            ( 0.0000,  0.0000,  1.0000, 0.0000)
            (-8.0000, -1.0000, 20.0000, 1.0000)>
MESH
Cube_Grass_Center_Tall
<Matrix 4x4 ( 1.0000,  0.0000,  0.0000, 0.0000)
            ( 0.0000,  1.0000, -0.0000, 0.0000)
            ( 0.0000,  0.0000,  1.0000, 0.0000)
            (-6.0000, -1.0000, 20.0000, 1.0000)>
MESH
Cube_Dirt_Center_Tall
<Matrix 4x4 ( 1.0000,  0.0000, 0.0000, 0.0000)
            ( 0.0000,  0.0000, 1.0000, 0.0000)
            ( 0.0000, -1.0000, 0.0000, 0.0000)
            (-2.0000, -1.0000, 8.0000, 1.0000)>
MESH
Cube_Dirt_Center_Tall
<Matrix 4x4 ( 1.0000,  0.0000, 0.0000, 0.0000)
            ( 0.0000,  0.0000, 1.0000, 0.0000)
            ( 0.0000, -1.0000, 0.0000, 0.0000)
            (-4.0000, -1.0000, 8.0000, 1.0000)>
MESH
Cube_Grass_Center_Tall
<Matrix 4x4 (1.0000,  0.0000,  0.0000, 0.0000)
            (0.0000,  1.0000, -0.0000, 0.0000)
            (0.0000,  0.0000,  1.0000, 0.0000)
            (2.0000, -1.0000, 18.0000, 1.0000)>
MESH
Cube_Grass_Center_Tall
<Matrix 4x4 (1.0000,  0.0000,  0.0000, 0.0000)
            (0.0000,  1.0000, -0.0000, 0.0000)
            (0.0000,  0.0000,  1.0000, 0.0000)
            (2.0000, -1.0000, 16.0000, 1.0000)>
MESH
Cube_Grass_Center_Tall
<Matrix 4x4 (1.0000,  0.0000,  0.0000, 0.0000)
            (0.0000,  1.0000, -0.0000, 0.0000)
            (0.0000,  0.0000,  1.0000, 0.0000)
            (0.0000, -1.0000, 16.0000, 1.0000)>
MESH
Cube_Grass_Center_Tall
<Matrix 4x4 (1.0000,  0.0000,  0.0000, 0.0000)
            (0.0000,  1.0000, -0.0000, 0.0000)
            (0.0000,  0.0000,  1.0000, 0.0000)
            (0.0000, -1.0000, 18.0000, 1.0000)>
MESH
Cube_Grass_Center_Tall
<Matrix 4x4 (1.0000,  0.0000,  0.0000, 0.0000)
            (0.0000,  1.0000, -0.0000, 0.0000)
            (0.0000,  0.0000,  1.0000, 0.0000)
            (0.0000, -1.0000, 20.0000, 1.0000)>
MESH
Cube_Grass_Center_Tall
<Matrix 4x4 (1.0000,  0.0000,  0.0000, 0.0000)
            (0.0000,  1.0000, -0.0000, 0.0000)
            (0.0000,  0.0000,  1.0000, 0.0000)
            (2.0000, -1.0000, 20.0000, 1.0000)>
MESH
Cube_Grass_Center_Tall
<Matrix 4x4 (1.0000,  0.0000,  0.0000, 0.0000)
            (0.0000,  1.0000, -0.0000, 0.0000)
            (0.0000,  0.0000,  1.0000, 0.0000)
            (2.0000, -1.0000, 14.0000, 1.0000)>
MESH
Cube_Grass_Center_Tall
<Matrix 4x4 (1.0000,  0.0000,  0.0000, 0.0000)
            (0.0000,  1.0000, -0.0000, 0.0000)
            (0.0000,  0.0000,  1.0000, 0.0000)
            (0.0000, -1.0000, 14.0000, 1.0000)>
MESH
Cube_Grass_Center_Tall
<Matrix 4x4 (1.0000,  0.0000,  0.0000, 0.0000)
            (0.0000,  1.0000, -0.0000, 0.0000)
            (0.0000,  0.0000,  1.0000, 0.0000)
            (6.0000, -1.0000, 12.0000, 1.0000)>
MESH
Cube_Grass_Center_Tall
<Matrix 4x4 (1.0000,  0.0000,  0.0000, 0.0000)
            (0.0000,  1.0000, -0.0000, 0.0000)
            (0.0000,  0.0000,  1.0000, 0.0000)
            (6.0000, -1.0000, 10.0000, 1.0000)>
MESH
Cube_Grass_Center_Tall
<Matrix 4x4 (1.0000,  0.0000,  0.0000, 0.0000)
            (0.0000,  1.0000, -0.0000, 0.0000)
            (0.0000,  0.0000,  1.0000, 0.0000)
            (4.0000, -1.0000, 10.0000, 1.0000)>
MESH
Cube_Grass_Center_Tall
<Matrix 4x4 (1.0000,  0.0000,  0.0000, 0.0000)
            (0.0000,  1.0000, -0.0000, 0.0000)
            (0.0000,  0.0000,  1.0000, 0.0000)
            (4.0000, -1.0000, 12.0000, 1.0000)>
MESH
Cube_Grass_Center_Tall
<Matrix 4x4 (1.0000,  0.0000,  0.0000, 0.0000)
            (0.0000,  1.0000, -0.0000, 0.0000)
            (0.0000,  0.0000,  1.0000, 0.0000)
            (8.0000, -1.0000, 12.0000, 1.0000)>
MESH
Cube_Grass_Center_Tall
<Matrix 4x4 (1.0000,  0.0000,  0.0000, 0.0000)
            (0.0000,  1.0000, -0.0000, 0.0000)
            (0.0000,  0.0000,  1.0000, 0.0000)
            (8.0000, -1.0000, 14.0000, 1.0000)>
MESH
Cube_Grass_Center_Tall
<Matrix 4x4 (1.0000,  0.0000,  0.0000, 0.0000)
            (0.0000,  1.0000, -0.0000, 0.0000)
            (0.0000,  0.0000,  1.0000, 0.0000)
            (8.0000, -1.0000, 18.0000, 1.0000)>
MESH
Cube_Grass_Center_Tall
<Matrix 4x4 (1.0000,  0.0000,  0.0000, 0.0000)
            (0.0000,  1.0000, -0.0000, 0.0000)
            (0.0000,  0.0000,  1.0000, 0.0000)
            (8.0000, -1.0000, 16.0000, 1.0000)>
MESH
Cube_Grass_Center_Tall
<Matrix 4x4 (1.0000,  0.0000,  0.0000, 0.0000)
            (0.0000,  1.0000, -0.0000, 0.0000)
            (0.0000,  0.0000,  1.0000, 0.0000)
            (4.0000, -1.0000, 14.0000, 1.0000)>
MESH
Cube_Grass_Center_Tall
<Matrix 4x4 (1.0000,  0.0000,  0.0000, 0.0000)
            (0.0000,  1.0000, -0.0000, 0.0000)
            (0.0000,  0.0000,  1.0000, 0.0000)
            (6.0000, -1.0000, 14.0000, 1.0000)>
MESH
Cube_Grass_Center_Tall
<Matrix 4x4 (1.0000,  0.0000,  0.0000, 0.0000)
            (0.0000,  1.0000, -0.0000, 0.0000)
            (0.0000,  0.0000,  1.0000, 0.0000)
            (4.0000, -1.0000, 18.0000, 1.0000)>
MESH
Cube_Grass_Center_Tall
<Matrix 4x4 (1.0000,  0.0000,  0.0000, 0.0000)
            (0.0000,  1.0000, -0.0000, 0.0000)
            (0.0000,  0.0000,  1.0000, 0.0000)
            (4.0000, -1.0000, 16.0000, 1.0000)>
MESH
Cube_Grass_Center_Tall
<Matrix 4x4 (1.0000,  0.0000,  0.0000, 0.0000)
            (0.0000,  1.0000, -0.0000, 0.0000)
            (0.0000,  0.0000,  1.0000, 0.0000)
            (6.0000, -1.0000, 16.0000, 1.0000)>
MESH
Cube_Grass_Center_Tall
<Matrix 4x4 (1.0000,  0.0000,  0.0000, 0.0000)
            (0.0000,  1.0000, -0.0000, 0.0000)
            (0.0000,  0.0000,  1.0000, 0.0000)
            (6.0000, -1.0000, 18.0000, 1.0000)>
MESH
Cube_Grass_Center_Tall
<Matrix 4x4 (1.0000,  0.0000,  0.0000, 0.0000)
            (0.0000,  1.0000, -0.0000, 0.0000)
            (0.0000,  0.0000,  1.0000, 0.0000)
            (6.0000, -1.0000, 20.0000, 1.0000)>
MESH
Cube_Grass_Center_Tall
<Matrix 4x4 (1.0000,  0.0000,  0.0000, 0.0000)
            (0.0000,  1.0000, -0.0000, 0.0000)
            (0.0000,  0.0000,  1.0000, 0.0000)
            (4.0000, -1.0000, 20.0000, 1.0000)>
MESH
Cube_Grass_Center_Tall
<Matrix 4x4 (1.0000,  0.0000,  0.0000, 0.0000)
            (0.0000,  1.0000, -0.0000, 0.0000)
            (0.0000,  0.0000,  1.0000, 0.0000)
            (8.0000, -1.0000, 20.0000, 1.0000)>
MESH
Cube_Grass_Center_Tall
<Matrix 4x4 (1.0000,  0.0000,  0.0000, 0.0000)
            (0.0000,  1.0000, -0.0000, 0.0000)
            (0.0000,  0.0000,  1.0000, 0.0000)
            (4.0000, -1.0000, 22.0000, 1.0000)>
MESH
Cube_Grass_Center_Tall
<Matrix 4x4 (1.0000,  0.0000,  0.0000, 0.0000)
            (0.0000,  1.0000, -0.0000, 0.0000)
            (0.0000,  0.0000,  1.0000, 0.0000)
            (6.0000, -1.0000, 22.0000, 1.0000)>
MESH
Cube_Grass_Center_Tall
<Matrix 4x4 (1.0000,  0.0000,  0.0000, 0.0000)
            (0.0000,  1.0000, -0.0000, 0.0000)
            (0.0000,  0.0000,  1.0000, 0.0000)
            (2.0000, -1.0000, 22.0000, 1.0000)>
MESH
Cube_Grass_Center_Tall
<Matrix 4x4 (1.0000,  0.0000,  0.0000, 0.0000)
            (0.0000,  1.0000, -0.0000, 0.0000)
            (0.0000,  0.0000,  1.0000, 0.0000)
            (0.0000, -1.0000, 22.0000, 1.0000)>
MESH
Cube_Grass_Center_Tall
<Matrix 4x4 ( 1.0000,  0.0000,  0.0000, 0.0000)
            ( 0.0000,  1.0000, -0.0000, 0.0000)
            ( 0.0000,  0.0000,  1.0000, 0.0000)
            (-6.0000, -1.0000, 22.0000, 1.0000)>
MESH
Cube_Grass_Center_Tall
<Matrix 4x4 ( 1.0000,  0.0000,  0.0000, 0.0000)
            ( 0.0000,  1.0000, -0.0000, 0.0000)
            ( 0.0000,  0.0000,  1.0000, 0.0000)
            (-4.0000, -1.0000, 22.0000, 1.0000)>
MESH
Cube_Grass_Center_Tall
<Matrix 4x4 ( 1.0000,  0.0000,  0.0000, 0.0000)
            ( 0.0000,  1.0000, -0.0000, 0.0000)
            ( 0.0000,  0.0000,  1.0000, 0.0000)
            (-2.0000, -1.0000, 22.0000, 1.0000)>
MESH
Cube_Grass_Center_Tall
<Matrix 4x4 ( 1.0000,  0.0000,  0.0000, 0.0000)
            ( 0.0000,  1.0000, -0.0000, 0.0000)
            ( 0.0000,  0.0000,  1.0000, 0.0000)
            (-2.0000, -1.0000, 24.0000, 1.0000)>
MESH
Cube_Grass_Center_Tall
<Matrix 4x4 ( 1.0000,  0.0000,  0.0000, 0.0000)
            ( 0.0000,  1.0000, -0.0000, 0.0000)
            ( 0.0000,  0.0000,  1.0000, 0.0000)
            (-4.0000, -1.0000, 24.0000, 1.0000)>
MESH
Cube_Grass_Center_Tall
<Matrix 4x4 ( 1.0000,  0.0000,  0.0000, 0.0000)
            ( 0.0000,  1.0000, -0.0000, 0.0000)
            ( 0.0000,  0.0000,  1.0000, 0.0000)
            (-6.0000, -1.0000, 24.0000, 1.0000)>
MESH
Cube_Grass_Center_Tall
<Matrix 4x4 (1.0000,  0.0000,  0.0000, 0.0000)
            (0.0000,  1.0000, -0.0000, 0.0000)
            (0.0000,  0.0000,  1.0000, 0.0000)
            (0.0000, -1.0000, 24.0000, 1.0000)>
MESH
Cube_Grass_Center_Tall
<Matrix 4x4 (1.0000,  0.0000,  0.0000, 0.0000)
            (0.0000,  1.0000, -0.0000, 0.0000)
            (0.0000,  0.0000,  1.0000, 0.0000)
            (2.0000, -1.0000, 24.0000, 1.0000)>
MESH
Cube_Grass_Center_Tall
<Matrix 4x4 (1.0000,  0.0000,  0.0000, 0.0000)
            (0.0000,  1.0000, -0.0000, 0.0000)
            (0.0000,  0.0000,  1.0000, 0.0000)
            (4.0000, -1.0000, 24.0000, 1.0000)>
MESH
Cube_Grass_Center_Tall
<Matrix 4x4 (1.0000,  0.0000,  0.0000, 0.0000)
            (0.0000,  1.0000, -0.0000, 0.0000)
            (0.0000,  0.0000,  1.0000, 0.0000)
            (2.0000, -1.0000, 26.0000, 1.0000)>
MESH
Cube_Grass_Center_Tall
<Matrix 4x4 (1.0000,  0.0000,  0.0000, 0.0000)
            (0.0000,  1.0000, -0.0000, 0.0000)
            (0.0000,  0.0000,  1.0000, 0.0000)
            (0.0000, -1.0000, 26.0000, 1.0000)>
MESH
Cube_Grass_Center_Tall
<Matrix 4x4 ( 1.0000,  0.0000,  0.0000, 0.0000)
            ( 0.0000,  1.0000, -0.0000, 0.0000)
            ( 0.0000,  0.0000,  1.0000, 0.0000)
            (-4.0000, -1.0000, 26.0000, 1.0000)>
MESH
Cube_Grass_Center_Tall
<Matrix 4x4 ( 1.0000,  0.0000,  0.0000, 0.0000)
            ( 0.0000,  1.0000, -0.0000, 0.0000)
            ( 0.0000,  0.0000,  1.0000, 0.0000)
            (-2.0000, -1.0000, 26.0000, 1.0000)>
MESH
Cube_Grass_Center_Tall
<Matrix 4x4 ( 1.0000,  0.0000,  0.0000, 0.0000)
            ( 0.0000,  1.0000, -0.0000, 0.0000)
            ( 0.0000,  0.0000,  1.0000, 0.0000)
            (-2.0000, -1.0000, 28.0000, 1.0000)>
MESH
Cube_Grass_Center_Tall
<Matrix 4x4 (1.0000,  0.0000,  0.0000, 0.0000)
            (0.0000,  1.0000, -0.0000, 0.0000)
            (0.0000,  0.0000,  1.0000, 0.0000)
            (0.0000, -1.0000, 28.0000, 1.0000)>
MESH
Cube_Grass_Center_Tall
<Matrix 4x4 (1.0000,  0.0000,  0.0000, 0.0000)
            (0.0000,  1.0000, -0.0000, 0.0000)
            (0.0000,  0.0000,  1.0000, 0.0000)
            (2.0000, -1.0000, 28.0000, 1.0000)>
MESH
Cube_Dirt_Center_Tall
<Matrix 4x4 (1.0000,  0.0000, 0.0000, 0.0000)
            (0.0000,  0.0000, 1.0000, 0.0000)
            (0.0000, -1.0000, 0.0000, 0.0000)
            (4.0000, -1.0000, 8.0000, 1.0000)>
MESH
Cube_Dirt_Center_Tall
<Matrix 4x4 (1.0000,  0.0000, 0.0000, 0.0000)
            (0.0000,  0.0000, 1.0000, 0.0000)
            (0.0000, -1.0000, 0.0000, 0.0000)
            (6.0000, -1.0000, 8.0000, 1.0000)>
MESH
Cube_Dirt_Center_Tall
<Matrix 4x4 (-0.0000,  0.0000,  1.0000, 0.0000)
            (-1.0000,  0.0000, -0.0000, 0.0000)
            ( 0.0000, -1.0000,  0.0000, 0.0000)
            ( 8.0000, -1.0000, 10.0000, 1.0000)>
MESH
Cube_Dirt_Center_Tall
<Matrix 4x4 (-0.0000,  0.0000,  1.0000, 0.0000)
            (-1.0000,  0.0000, -0.0000, 0.0000)
            ( 0.0000, -1.0000,  0.0000, 0.0000)
            (10.0000, -1.0000, 12.0000, 1.0000)>
MESH
Cube_Dirt_Center_Tall
<Matrix 4x4 (-0.0000,  0.0000,  1.0000, 0.0000)
            (-1.0000,  0.0000, -0.0000, 0.0000)
            ( 0.0000, -1.0000,  0.0000, 0.0000)
            (10.0000, -1.0000, 14.0000, 1.0000)>
MESH
Cube_Dirt_Center_Tall
<Matrix 4x4 (-0.0000,  0.0000,  1.0000, 0.0000)
            (-1.0000,  0.0000, -0.0000, 0.0000)
            ( 0.0000, -1.0000,  0.0000, 0.0000)
            (10.0000, -1.0000, 16.0000, 1.0000)>
MESH
Cube_Dirt_Center_Tall
<Matrix 4x4 (-0.0000,  0.0000,  1.0000, 0.0000)
            (-1.0000,  0.0000, -0.0000, 0.0000)
            ( 0.0000, -1.0000,  0.0000, 0.0000)
            (10.0000, -1.0000, 18.0000, 1.0000)>
MESH
Cube_Dirt_Center_Tall
<Matrix 4x4 (-0.0000,  0.0000,  1.0000, 0.0000)
            (-1.0000,  0.0000, -0.0000, 0.0000)
            ( 0.0000, -1.0000,  0.0000, 0.0000)
            (10.0000, -1.0000, 20.0000, 1.0000)>
MESH
Cube_Dirt_Center_Tall
<Matrix 4x4 (1.0000,  0.0000,  0.0000, 0.0000)
            (0.0000,  0.0000,  1.0000, 0.0000)
            (0.0000, -1.0000,  0.0000, 0.0000)
            (8.0000, -1.0000, 10.0000, 1.0000)>
MESH
Cube_Dirt_Center_Tall
<Matrix 4x4 (1.0000,  0.0000,  0.0000, 0.0000)
            (0.0000,  0.0000,  1.0000, 0.0000)
            (0.0000, -1.0000,  0.0000, 0.0000)
            (8.0000, -1.0000, 20.0000, 1.0000)>
MESH
Cube_Dirt_Center_Tall
<Matrix 4x4 (1.0000,  0.0000,  0.0000, 0.0000)
            (0.0000,  0.0000,  1.0000, 0.0000)
            (0.0000, -1.0000,  0.0000, 0.0000)
            (6.0000, -1.0000, 22.0000, 1.0000)>
MESH
Cube_Dirt_Center_Tall
<Matrix 4x4 (1.0000,  0.0000,  0.0000, 0.0000)
            (0.0000,  0.0000,  1.0000, 0.0000)
            (0.0000, -1.0000,  0.0000, 0.0000)
            (4.0000, -1.0000, 24.0000, 1.0000)>
MESH
Cube_Dirt_Center_Tall
<Matrix 4x4 (1.0000,  0.0000,  0.0000, 0.0000)
            (0.0000,  0.0000,  1.0000, 0.0000)
            (0.0000, -1.0000,  0.0000, 0.0000)
            (2.0000, -1.0000, 28.0000, 1.0000)>
MESH
Cube_Dirt_Center_Tall
<Matrix 4x4 (1.0000,  0.0000,  0.0000, 0.0000)
            (0.0000,  0.0000,  1.0000, 0.0000)
            (0.0000, -1.0000,  0.0000, 0.0000)
            (0.0000, -1.0000, 28.0000, 1.0000)>
MESH
Cube_Dirt_Center_Tall
<Matrix 4x4 ( 1.0000,  0.0000,  0.0000, 0.0000)
            ( 0.0000,  0.0000,  1.0000, 0.0000)
            ( 0.0000, -1.0000,  0.0000, 0.0000)
            (-2.0000, -1.0000, 28.0000, 1.0000)>
MESH
Cube_Dirt_Center_Tall
<Matrix 4x4 (-0.0000,  0.0000,  1.0000, 0.0000)
            (-1.0000,  0.0000, -0.0000, 0.0000)
            ( 0.0000, -1.0000,  0.0000, 0.0000)
            ( 8.0000, -1.0000, 22.0000, 1.0000)>
MESH
Cube_Dirt_Center_Tall
<Matrix 4x4 (-0.0000,  0.0000,  1.0000, 0.0000)
            (-1.0000,  0.0000, -0.0000, 0.0000)
            ( 0.0000, -1.0000,  0.0000, 0.0000)
            ( 6.0000, -1.0000, 24.0000, 1.0000)>
MESH
Cube_Dirt_Center_Tall
<Matrix 4x4 (-0.0000,  0.0000,  1.0000, 0.0000)
            (-1.0000,  0.0000, -0.0000, 0.0000)
            ( 0.0000, -1.0000,  0.0000, 0.0000)
            ( 4.0000, -1.0000, 26.0000, 1.0000)>
MESH
Cube_Dirt_Center_Tall
<Matrix 4x4 (-0.0000,  0.0000,  1.0000, 0.0000)
            (-1.0000,  0.0000, -0.0000, 0.0000)
            ( 0.0000, -1.0000,  0.0000, 0.0000)
            ( 4.0000, -1.0000, 28.0000, 1.0000)>
MESH
Cube_Dirt_Center_Tall
<Matrix 4x4 (-0.0000,  0.0000,  1.0000, 0.0000)
            (-1.0000,  0.0000, -0.0000, 0.0000)
            ( 0.0000, -1.0000,  0.0000, 0.0000)
            (-2.0000, -1.0000, 28.0000, 1.0000)>
MESH
Cube_Dirt_Center_Tall
<Matrix 4x4 (-0.0000,  0.0000,  1.0000, 0.0000)
            (-1.0000,  0.0000, -0.0000, 0.0000)
            ( 0.0000, -1.0000,  0.0000, 0.0000)
            (-4.0000, -1.0000, 26.0000, 1.0000)>
MESH
Cube_Dirt_Center_Tall
<Matrix 4x4 (-0.0000,  0.0000,  1.0000, 0.0000)
            (-1.0000,  0.0000, -0.0000, 0.0000)
            ( 0.0000, -1.0000,  0.0000, 0.0000)
            (-6.0000, -1.0000, 24.0000, 1.0000)>
MESH
Cube_Dirt_Center_Tall
<Matrix 4x4 (-0.0000,  0.0000,  1.0000, 0.0000)
            (-1.0000,  0.0000, -0.0000, 0.0000)
            ( 0.0000, -1.0000,  0.0000, 0.0000)
            (-6.0000, -1.0000, 22.0000, 1.0000)>
MESH
Cube_Dirt_Center_Tall
<Matrix 4x4 (-0.0000,  0.0000,  1.0000, 0.0000)
            (-1.0000,  0.0000, -0.0000, 0.0000)
            ( 0.0000, -1.0000,  0.0000, 0.0000)
            (-8.0000, -1.0000, 20.0000, 1.0000)>
MESH
Cube_Dirt_Center_Tall
<Matrix 4x4 (-0.0000,  0.0000,  1.0000, 0.0000)
            (-1.0000,  0.0000, -0.0000, 0.0000)
            ( 0.0000, -1.0000,  0.0000, 0.0000)
            (-8.0000, -1.0000, 18.0000, 1.0000)>
MESH
Cube_Dirt_Center_Tall
<Matrix 4x4 (-0.0000,  0.0000,  1.0000, 0.0000)
            (-1.0000,  0.0000, -0.0000, 0.0000)
            ( 0.0000, -1.0000,  0.0000, 0.0000)
            (-6.0000, -1.0000, 16.0000, 1.0000)>
MESH
Cube_Dirt_Center_Tall
<Matrix 4x4 (-0.0000,  0.0000,  1.0000, 0.0000)
            (-1.0000,  0.0000, -0.0000, 0.0000)
            ( 0.0000, -1.0000,  0.0000, 0.0000)
            (-6.0000, -1.0000, 14.0000, 1.0000)>
MESH
Cube_Dirt_Center_Tall
<Matrix 4x4 (-0.0000,  0.0000,  1.0000, 0.0000)
            (-1.0000,  0.0000, -0.0000, 0.0000)
            ( 0.0000, -1.0000,  0.0000, 0.0000)
            (-4.0000, -1.0000, 12.0000, 1.0000)>
MESH
Cube_Dirt_Center_Tall
<Matrix 4x4 (-0.0000,  0.0000,  1.0000, 0.0000)
            (-1.0000,  0.0000, -0.0000, 0.0000)
            ( 0.0000, -1.0000,  0.0000, 0.0000)
            (-4.0000, -1.0000, 10.0000, 1.0000)>
MESH
Cube_Dirt_Center_Tall
<Matrix 4x4 ( 1.0000,  0.0000,  0.0000, 0.0000)
            ( 0.0000,  0.0000,  1.0000, 0.0000)
            ( 0.0000, -1.0000,  0.0000, 0.0000)
            (-6.0000, -1.0000, 12.0000, 1.0000)>
MESH
Cube_Dirt_Center_Tall
<Matrix 4x4 ( 1.0000,  0.0000,  0.0000, 0.0000)
            ( 0.0000,  0.0000,  1.0000, 0.0000)
            ( 0.0000, -1.0000,  0.0000, 0.0000)
            (-8.0000, -1.0000, 16.0000, 1.0000)>
MESH
Cube_Dirt_Center_Tall
<Matrix 4x4 ( 1.0000,  0.0000,  0.0000, 0.0000)
            ( 0.0000,  0.0000,  1.0000, 0.0000)
            ( 0.0000, -1.0000,  0.0000, 0.0000)
            (-8.0000, -1.0000, 20.0000, 1.0000)>
MESH
Cube_Dirt_Center_Tall
<Matrix 4x4 ( 1.0000,  0.0000,  0.0000, 0.0000)
            ( 0.0000,  0.0000,  1.0000, 0.0000)
            ( 0.0000, -1.0000,  0.0000, 0.0000)
            (-6.0000, -1.0000, 24.0000, 1.0000)>
MESH
Cube_Dirt_Center_Tall
<Matrix 4x4 ( 1.0000,  0.0000,  0.0000, 0.0000)
            ( 0.0000,  0.0000,  1.0000, 0.0000)
            ( 0.0000, -1.0000,  0.0000, 0.0000)
            (-4.0000, -1.0000, 26.0000, 1.0000)>
MESH
Cube_Dirt_Center_Tall
<Matrix 4x4 (0.0000, -0.0010,  1.0000, 0.0000)
            (0.0000, -1.0000, -0.0010, 0.0000)
            (1.0000,  0.0000, -0.0000, 0.0000)
            (6.0000, -1.0000, 14.0000, 1.0000)>
MESH
Cube_Dirt_Center_Tall
<Matrix 4x4 (0.0000, -0.0010,  1.0000, 0.0000)
            (0.0000, -1.0000, -0.0010, 0.0000)
            (1.0000,  0.0000, -0.0000, 0.0000)
            (6.0000, -1.0000, 12.0000, 1.0000)>
MESH
Cube_Dirt_Center_Tall
<Matrix 4x4 (0.0000, -0.0010,  1.0000, 0.0000)
            (0.0000, -1.0000, -0.0010, 0.0000)
            (1.0000,  0.0000, -0.0000, 0.0000)
            (8.0000, -1.0000, 12.0000, 1.0000)>
MESH
Cube_Dirt_Center_Tall
<Matrix 4x4 (0.0000, -0.0010,  1.0000, 0.0000)
            (0.0000, -1.0000, -0.0010, 0.0000)
            (1.0000,  0.0000, -0.0000, 0.0000)
            (8.0000, -1.0000, 14.0000, 1.0000)>
MESH
Cube_Dirt_Center_Tall
<Matrix 4x4 (0.0000, -0.0010,  1.0000, 0.0000)
            (0.0000, -1.0000, -0.0010, 0.0000)
            (1.0000,  0.0000, -0.0000, 0.0000)
            (8.0000, -1.0000, 16.0000, 1.0000)>
MESH
Cube_Dirt_Center_Tall
<Matrix 4x4 (0.0000, -0.0010,  1.0000, 0.0000)
            (0.0000, -1.0000, -0.0010, 0.0000)
            (1.0000,  0.0000, -0.0000, 0.0000)
            (6.0000, -1.0000, 16.0000, 1.0000)>
MESH
Cube_Dirt_Center_Tall
<Matrix 4x4 (0.0000, -0.0010,  1.0000, 0.0000)
            (0.0000, -1.0000, -0.0010, 0.0000)
            (1.0000,  0.0000, -0.0000, 0.0000)
            (6.0000, -1.0000, 20.0000, 1.0000)>
MESH
Cube_Dirt_Center_Tall
<Matrix 4x4 (0.0000, -0.0010,  1.0000, 0.0000)
            (0.0000, -1.0000, -0.0010, 0.0000)
            (1.0000,  0.0000, -0.0000, 0.0000)
            (8.0000, -1.0000, 20.0000, 1.0000)>
MESH
Cube_Dirt_Center_Tall
<Matrix 4x4 (0.0000, -0.0010,  1.0000, 0.0000)
            (0.0000, -1.0000, -0.0010, 0.0000)
            (1.0000,  0.0000, -0.0000, 0.0000)
            (8.0000, -1.0000, 18.0000, 1.0000)>
MESH
Cube_Dirt_Center_Tall
<Matrix 4x4 (0.0000, -0.0010,  1.0000, 0.0000)
            (0.0000, -1.0000, -0.0010, 0.0000)
            (1.0000,  0.0000, -0.0000, 0.0000)
            (6.0000, -1.0000, 18.0000, 1.0000)>
MESH
Cube_Dirt_Center_Tall
<Matrix 4x4 (0.0000, -0.0010,  1.0000, 0.0000)
            (0.0000, -1.0000, -0.0010, 0.0000)
            (1.0000,  0.0000, -0.0000, 0.0000)
            (0.0000, -1.0000, 18.0000, 1.0000)>
MESH
Cube_Dirt_Center_Tall
<Matrix 4x4 (0.0000, -0.0010,  1.0000, 0.0000)
            (0.0000, -1.0000, -0.0010, 0.0000)
            (1.0000,  0.0000, -0.0000, 0.0000)
            (2.0000, -1.0000, 18.0000, 1.0000)>
MESH
Cube_Dirt_Center_Tall
<Matrix 4x4 (0.0000, -0.0010,  1.0000, 0.0000)
            (0.0000, -1.0000, -0.0010, 0.0000)
            (1.0000,  0.0000, -0.0000, 0.0000)
            (4.0000, -1.0000, 18.0000, 1.0000)>
MESH
Cube_Dirt_Center_Tall
<Matrix 4x4 (0.0000, -0.0010,  1.0000, 0.0000)
            (0.0000, -1.0000, -0.0010, 0.0000)
            (1.0000,  0.0000, -0.0000, 0.0000)
            (4.0000, -1.0000, 20.0000, 1.0000)>
MESH
Cube_Dirt_Center_Tall
<Matrix 4x4 (0.0000, -0.0010,  1.0000, 0.0000)
            (0.0000, -1.0000, -0.0010, 0.0000)
            (1.0000,  0.0000, -0.0000, 0.0000)
            (2.0000, -1.0000, 20.0000, 1.0000)>
MESH
Cube_Dirt_Center_Tall
<Matrix 4x4 (0.0000, -0.0010,  1.0000, 0.0000)
            (0.0000, -1.0000, -0.0010, 0.0000)
            (1.0000,  0.0000, -0.0000, 0.0000)
            (0.0000, -1.0000, 20.0000, 1.0000)>
MESH
Cube_Dirt_Center_Tall
<Matrix 4x4 (0.0000, -0.0010,  1.0000, 0.0000)
            (0.0000, -1.0000, -0.0010, 0.0000)
            (1.0000,  0.0000, -0.0000, 0.0000)
            (0.0000, -1.0000, 16.0000, 1.0000)>
MESH
Cube_Dirt_Center_Tall
<Matrix 4x4 (0.0000, -0.0010,  1.0000, 0.0000)
            (0.0000, -1.0000, -0.0010, 0.0000)
            (1.0000,  0.0000, -0.0000, 0.0000)
            (2.0000, -1.0000, 16.0000, 1.0000)>
MESH
Cube_Dirt_Center_Tall
<Matrix 4x4 (0.0000, -0.0010,  1.0000, 0.0000)
            (0.0000, -1.0000, -0.0010, 0.0000)
            (1.0000,  0.0000, -0.0000, 0.0000)
            (4.0000, -1.0000, 16.0000, 1.0000)>
MESH
Cube_Dirt_Center_Tall
<Matrix 4x4 (0.0000, -0.0010,  1.0000, 0.0000)
            (0.0000, -1.0000, -0.0010, 0.0000)
            (1.0000,  0.0000, -0.0000, 0.0000)
            (4.0000, -1.0000, 14.0000, 1.0000)>
MESH
Cube_Dirt_Center_Tall
<Matrix 4x4 (0.0000, -0.0010,  1.0000, 0.0000)
            (0.0000, -1.0000, -0.0010, 0.0000)
            (1.0000,  0.0000, -0.0000, 0.0000)
            (4.0000, -1.0000, 12.0000, 1.0000)>
MESH
Cube_Dirt_Center_Tall
<Matrix 4x4 (0.0000, -0.0010,  1.0000, 0.0000)
            (0.0000, -1.0000, -0.0010, 0.0000)
            (1.0000,  0.0000, -0.0000, 0.0000)
            (2.0000, -1.0000, 12.0000, 1.0000)>
MESH
Cube_Dirt_Center_Tall
<Matrix 4x4 (0.0000, -0.0010,  1.0000, 0.0000)
            (0.0000, -1.0000, -0.0010, 0.0000)
            (1.0000,  0.0000, -0.0000, 0.0000)
            (2.0000, -1.0000, 14.0000, 1.0000)>
MESH
Cube_Dirt_Center_Tall
<Matrix 4x4 (0.0000, -0.0010,  1.0000, 0.0000)
            (0.0000, -1.0000, -0.0010, 0.0000)
            (1.0000,  0.0000, -0.0000, 0.0000)
            (0.0000, -1.0000, 14.0000, 1.0000)>
MESH
Cube_Dirt_Center_Tall
<Matrix 4x4 (0.0000, -0.0010,  1.0000, 0.0000)
            (0.0000, -1.0000, -0.0010, 0.0000)
            (1.0000,  0.0000, -0.0000, 0.0000)
            (0.0000, -1.0000, 12.0000, 1.0000)>
MESH
Cube_Dirt_Center_Tall
<Matrix 4x4 (0.0000, -0.0010,  1.0000, 0.0000)
            (0.0000, -1.0000, -0.0010, 0.0000)
            (1.0000,  0.0000, -0.0000, 0.0000)
            (0.0000, -1.0000, 10.0000, 1.0000)>
MESH
Cube_Dirt_Center_Tall
<Matrix 4x4 (0.0000, -0.0010,  1.0000, 0.0000)
            (0.0000, -1.0000, -0.0010, 0.0000)
            (1.0000,  0.0000, -0.0000, 0.0000)
            (2.0000, -1.0000, 10.0000, 1.0000)>
MESH
Cube_Dirt_Center_Tall
<Matrix 4x4 (0.0000, -0.0010,  1.0000, 0.0000)
            (0.0000, -1.0000, -0.0010, 0.0000)
            (1.0000,  0.0000, -0.0000, 0.0000)
            (4.0000, -1.0000, 10.0000, 1.0000)>
MESH
Cube_Dirt_Center_Tall
<Matrix 4x4 (0.0000, -0.0010,  1.0000, 0.0000)
            (0.0000, -1.0000, -0.0010, 0.0000)
            (1.0000,  0.0000, -0.0000, 0.0000)
            (6.0000, -1.0000, 10.0000, 1.0000)>
MESH
Cube_Dirt_Center_Tall
<Matrix 4x4 (0.0000, -0.0010,  1.0000, 0.0000)
            (0.0000, -1.0000, -0.0010, 0.0000)
            (1.0000,  0.0000, -0.0000, 0.0000)
            (0.0000, -1.0000, 22.0000, 1.0000)>
MESH
Cube_Dirt_Center_Tall
<Matrix 4x4 (0.0000, -0.0010,  1.0000, 0.0000)
            (0.0000, -1.0000, -0.0010, 0.0000)
            (1.0000,  0.0000, -0.0000, 0.0000)
            (2.0000, -1.0000, 22.0000, 1.0000)>
MESH
Cube_Dirt_Center_Tall
<Matrix 4x4 (0.0000, -0.0010,  1.0000, 0.0000)
            (0.0000, -1.0000, -0.0010, 0.0000)
            (1.0000,  0.0000, -0.0000, 0.0000)
            (4.0000, -1.0000, 22.0000, 1.0000)>
MESH
Cube_Dirt_Center_Tall
<Matrix 4x4 (0.0000, -0.0010,  1.0000, 0.0000)
            (0.0000, -1.0000, -0.0010, 0.0000)
            (1.0000,  0.0000, -0.0000, 0.0000)
            (6.0000, -1.0000, 22.0000, 1.0000)>
MESH
Cube_Dirt_Center_Tall
<Matrix 4x4 (0.0000, -0.0010,  1.0000, 0.0000)
            (0.0000, -1.0000, -0.0010, 0.0000)
            (1.0000,  0.0000, -0.0000, 0.0000)
            (4.0000, -1.0000, 24.0000, 1.0000)>
MESH
Cube_Dirt_Center_Tall
<Matrix 4x4 (0.0000, -0.0010,  1.0000, 0.0000)
            (0.0000, -1.0000, -0.0010, 0.0000)
            (1.0000,  0.0000, -0.0000, 0.0000)
            (2.0000, -1.0000, 24.0000, 1.0000)>
MESH
Cube_Dirt_Center_Tall
<Matrix 4x4 (0.0000, -0.0010,  1.0000, 0.0000)
            (0.0000, -1.0000, -0.0010, 0.0000)
            (1.0000,  0.0000, -0.0000, 0.0000)
            (0.0000, -1.0000, 24.0000, 1.0000)>
MESH
Cube_Dirt_Center_Tall
<Matrix 4x4 (0.0000, -0.0010,  1.0000, 0.0000)
            (0.0000, -1.0000, -0.0010, 0.0000)
            (1.0000,  0.0000, -0.0000, 0.0000)
            (0.0000, -1.0000, 28.0000, 1.0000)>
MESH
Cube_Dirt_Center_Tall
<Matrix 4x4 (0.0000, -0.0010,  1.0000, 0.0000)
            (0.0000, -1.0000, -0.0010, 0.0000)
            (1.0000,  0.0000, -0.0000, 0.0000)
            (2.0000, -1.0000, 28.0000, 1.0000)>
MESH
Cube_Dirt_Center_Tall
<Matrix 4x4 (0.0000, -0.0010,  1.0000, 0.0000)
            (0.0000, -1.0000, -0.0010, 0.0000)
            (1.0000,  0.0000, -0.0000, 0.0000)
            (2.0000, -1.0000, 26.0000, 1.0000)>
MESH
Cube_Dirt_Center_Tall
<Matrix 4x4 (0.0000, -0.0010,  1.0000, 0.0000)
            (0.0000, -1.0000, -0.0010, 0.0000)
            (1.0000,  0.0000, -0.0000, 0.0000)
            (0.0000, -1.0000, 26.0000, 1.0000)>
MESH
Cube_Dirt_Center_Tall
<Matrix 4x4 ( 0.0000, -0.0010,  1.0000, 0.0000)
            ( 0.0000, -1.0000, -0.0010, 0.0000)
            ( 1.0000,  0.0000, -0.0000, 0.0000)
            (-6.0000, -1.0000, 24.0000, 1.0000)>
MESH
Cube_Dirt_Center_Tall
<Matrix 4x4 ( 0.0000, -0.0010,  1.0000, 0.0000)
            ( 0.0000, -1.0000, -0.0010, 0.0000)
            ( 1.0000,  0.0000, -0.0000, 0.0000)
            (-4.0000, -1.0000, 24.0000, 1.0000)>
MESH
Cube_Dirt_Center_Tall
<Matrix 4x4 ( 0.0000, -0.0010,  1.0000, 0.0000)
            ( 0.0000, -1.0000, -0.0010, 0.0000)
            ( 1.0000,  0.0000, -0.0000, 0.0000)
            (-2.0000, -1.0000, 24.0000, 1.0000)>
MESH
Cube_Dirt_Center_Tall
<Matrix 4x4 ( 0.0000, -0.0010,  1.0000, 0.0000)
            ( 0.0000, -1.0000, -0.0010, 0.0000)
            ( 1.0000,  0.0000, -0.0000, 0.0000)
            (-2.0000, -1.0000, 22.0000, 1.0000)>
MESH
Cube_Dirt_Center_Tall
<Matrix 4x4 ( 0.0000, -0.0010,  1.0000, 0.0000)
            ( 0.0000, -1.0000, -0.0010, 0.0000)
            ( 1.0000,  0.0000, -0.0000, 0.0000)
            (-4.0000, -1.0000, 22.0000, 1.0000)>
MESH
Cube_Dirt_Center_Tall
<Matrix 4x4 ( 0.0000, -0.0010,  1.0000, 0.0000)
            ( 0.0000, -1.0000, -0.0010, 0.0000)
            ( 1.0000,  0.0000, -0.0000, 0.0000)
            (-6.0000, -1.0000, 22.0000, 1.0000)>
MESH
Cube_Dirt_Center_Tall
<Matrix 4x4 ( 0.0000, -0.0010,  1.0000, 0.0000)
            ( 0.0000, -1.0000, -0.0010, 0.0000)
            ( 1.0000,  0.0000, -0.0000, 0.0000)
            (-6.0000, -1.0000, 14.0000, 1.0000)>
MESH
Cube_Dirt_Center_Tall
<Matrix 4x4 ( 0.0000, -0.0010,  1.0000, 0.0000)
            ( 0.0000, -1.0000, -0.0010, 0.0000)
            ( 1.0000,  0.0000, -0.0000, 0.0000)
            (-4.0000, -1.0000, 14.0000, 1.0000)>
MESH
Cube_Dirt_Center_Tall
<Matrix 4x4 ( 0.0000, -0.0010,  1.0000, 0.0000)
            ( 0.0000, -1.0000, -0.0010, 0.0000)
            ( 1.0000,  0.0000, -0.0000, 0.0000)
            (-2.0000, -1.0000, 14.0000, 1.0000)>
MESH
Cube_Dirt_Center_Tall
<Matrix 4x4 ( 0.0000, -0.0010,  1.0000, 0.0000)
            ( 0.0000, -1.0000, -0.0010, 0.0000)
            ( 1.0000,  0.0000, -0.0000, 0.0000)
            (-2.0000, -1.0000, 16.0000, 1.0000)>
MESH
Cube_Dirt_Center_Tall
<Matrix 4x4 ( 0.0000, -0.0010,  1.0000, 0.0000)
            ( 0.0000, -1.0000, -0.0010, 0.0000)
            ( 1.0000,  0.0000, -0.0000, 0.0000)
            (-4.0000, -1.0000, 16.0000, 1.0000)>
MESH
Cube_Dirt_Center_Tall
<Matrix 4x4 ( 0.0000, -0.0010,  1.0000, 0.0000)
            ( 0.0000, -1.0000, -0.0010, 0.0000)
            ( 1.0000,  0.0000, -0.0000, 0.0000)
            (-6.0000, -1.0000, 16.0000, 1.0000)>
MESH
Cube_Dirt_Center_Tall
<Matrix 4x4 ( 0.0000, -0.0010,  1.0000, 0.0000)
            ( 0.0000, -1.0000, -0.0010, 0.0000)
            ( 1.0000,  0.0000, -0.0000, 0.0000)
            (-6.0000, -1.0000, 20.0000, 1.0000)>
MESH
Cube_Dirt_Center_Tall
<Matrix 4x4 ( 0.0000, -0.0010,  1.0000, 0.0000)
            ( 0.0000, -1.0000, -0.0010, 0.0000)
            ( 1.0000,  0.0000, -0.0000, 0.0000)
            (-4.0000, -1.0000, 20.0000, 1.0000)>
MESH
Cube_Dirt_Center_Tall
<Matrix 4x4 ( 0.0000, -0.0010,  1.0000, 0.0000)
            ( 0.0000, -1.0000, -0.0010, 0.0000)
            ( 1.0000,  0.0000, -0.0000, 0.0000)
            (-2.0000, -1.0000, 20.0000, 1.0000)>
MESH
Cube_Dirt_Center_Tall
<Matrix 4x4 ( 0.0000, -0.0010,  1.0000, 0.0000)
            ( 0.0000, -1.0000, -0.0010, 0.0000)
            ( 1.0000,  0.0000, -0.0000, 0.0000)
            (-2.0000, -1.0000, 18.0000, 1.0000)>
MESH
Cube_Dirt_Center_Tall
<Matrix 4x4 ( 0.0000, -0.0010,  1.0000, 0.0000)
            ( 0.0000, -1.0000, -0.0010, 0.0000)
            ( 1.0000,  0.0000, -0.0000, 0.0000)
            (-4.0000, -1.0000, 18.0000, 1.0000)>
MESH
Cube_Dirt_Center_Tall
<Matrix 4x4 ( 0.0000, -0.0010,  1.0000, 0.0000)
            ( 0.0000, -1.0000, -0.0010, 0.0000)
            ( 1.0000,  0.0000, -0.0000, 0.0000)
            (-6.0000, -1.0000, 18.0000, 1.0000)>
MESH
Cube_Dirt_Center_Tall
<Matrix 4x4 ( 0.0000, -0.0010,  1.0000, 0.0000)
            ( 0.0000, -1.0000, -0.0010, 0.0000)
            ( 1.0000,  0.0000, -0.0000, 0.0000)
            (-8.0000, -1.0000, 18.0000, 1.0000)>
MESH
Cube_Dirt_Center_Tall
<Matrix 4x4 ( 0.0000, -0.0010,  1.0000, 0.0000)
            ( 0.0000, -1.0000, -0.0010, 0.0000)
            ( 1.0000,  0.0000, -0.0000, 0.0000)
            (-8.0000, -1.0000, 20.0000, 1.0000)>
MESH
Cube_Dirt_Center_Tall
<Matrix 4x4 ( 0.0000, -0.0010,  1.0000, 0.0000)
            ( 0.0000, -1.0000, -0.0010, 0.0000)
            ( 1.0000,  0.0000, -0.0000, 0.0000)
            (-4.0000, -1.0000, 26.0000, 1.0000)>
MESH
Cube_Dirt_Center_Tall
<Matrix 4x4 ( 0.0000, -0.0010,  1.0000, 0.0000)
            ( 0.0000, -1.0000, -0.0010, 0.0000)
            ( 1.0000,  0.0000, -0.0000, 0.0000)
            (-2.0000, -1.0000, 26.0000, 1.0000)>
MESH
Cube_Dirt_Center_Tall
<Matrix 4x4 ( 0.0000, -0.0010,  1.0000, 0.0000)
            ( 0.0000, -1.0000, -0.0010, 0.0000)
            ( 1.0000,  0.0000, -0.0000, 0.0000)
            (-2.0000, -1.0000, 28.0000, 1.0000)>
MESH
Cube_Dirt_Center_Tall
<Matrix 4x4 ( 0.0000, -0.0010,  1.0000, 0.0000)
            ( 0.0000, -1.0000, -0.0010, 0.0000)
            ( 1.0000,  0.0000, -0.0000, 0.0000)
            (-4.0000, -1.0000, 12.0000, 1.0000)>
MESH
Cube_Dirt_Center_Tall
<Matrix 4x4 ( 0.0000, -0.0010,  1.0000, 0.0000)
            ( 0.0000, -1.0000, -0.0010, 0.0000)
            ( 1.0000,  0.0000, -0.0000, 0.0000)
            (-2.0000, -1.0000, 12.0000, 1.0000)>
MESH
Cube_Dirt_Center_Tall
<Matrix 4x4 ( 0.0000, -0.0010,  1.0000, 0.0000)
            ( 0.0000, -1.0000, -0.0010, 0.0000)
            ( 1.0000,  0.0000, -0.0000, 0.0000)
            (-2.0000, -1.0000, 10.0000, 1.0000)>
MESH
Cube_Dirt_Center_Tall
<Matrix 4x4 ( 0.0000, -0.0010,  1.0000, 0.0000)
            ( 0.0000, -1.0000, -0.0010, 0.0000)
            ( 1.0000,  0.0000, -0.0000, 0.0000)
            (-4.0000, -1.0000, 10.0000, 1.0000)>
MESH
Rock_2
<Matrix 4x4 ( 0.4739,  0.7842,  0.4005, 0.0000)
            ( 0.0000,  0.4548, -0.8906, 0.0000)
            (-0.8806,  0.4220,  0.2155, 0.0000)
            (-3.0000, -1.2241,  9.3674, 1.0000)>
MESH
Rock_2
<Matrix 4x4 (-0.6799, -0.1099, -0.7250, 0.0000)
            (-0.2283,  0.9713,  0.0669, 0.0000)
            ( 0.6969,  0.2110, -0.6855, 0.0000)
            ( 3.4254, -0.4641,  9.9618, 1.0000)>
MESH
Bush
<Matrix 4x4 ( 1.0000, 0.0000,  0.0000, 0.0000)
            ( 0.0000, 1.0000, -0.0000, 0.0000)
            ( 0.0000, 0.0000,  1.0000, 0.0000)
            (-2.9354, 0.0000, 10.8607, 1.0000)>
MESH
Fence_1
<Matrix 4x4 ( 1.0000, 0.0000,  0.0000, 0.0000)
            ( 0.0000, 1.0000, -0.0000, 0.0000)
            ( 0.0000, 0.0000,  1.0000, 0.0000)
            (-5.0000, 0.0000, 14.0000, 1.0000)>
MESH
Fence_Middle
<Matrix 4x4 ( 1.0000, 0.0000,  0.0000, 0.0000)
            ( 0.0000, 1.0000, -0.0000, 0.0000)
            ( 0.0000, 0.0000,  1.0000, 0.0000)
            (-4.0000, 0.0000, 14.0000, 1.0000)>
MESH
Fence_Middle
<Matrix 4x4 ( 0.8434, -0.5373,  0.0000, 0.0000)
            ( 0.5373,  0.8434, -0.0000, 0.0000)
            ( 0.0000,  0.0000,  1.0000, 0.0000)
            (-2.3549, -0.5538, 14.0000, 1.0000)>
MESH
Fence_Middle
<Matrix 4x4 (1.0000, 0.0000,  0.0000, 0.0000)
            (0.0000, 1.0000, -0.0000, 0.0000)
            (0.0000, 0.0000,  1.0000, 0.0000)
            (3.0000, 0.0000, 14.0000, 1.0000)>
MESH
Fence_Middle
<Matrix 4x4 (1.0000, 0.0000,  0.0000, 0.0000)
            (0.0000, 1.0000, -0.0000, 0.0000)
            (0.0000, 0.0000,  1.0000, 0.0000)
            (5.0000, 0.0000, 14.0000, 1.0000)>
MESH
Fence_Middle
<Matrix 4x4 (1.0000, 0.0000,  0.0000, 0.0000)
            (0.0000, 1.0000, -0.0000, 0.0000)
            (0.0000, 0.0000,  1.0000, 0.0000)
            (7.0000, 0.0000, 14.0000, 1.0000)>
MESH
Fence_Middle
<Matrix 4x4 (0.8249, -0.5653,  0.0000, 0.0000)
            (0.5653,  0.8249, -0.0000, 0.0000)
            (0.0000,  0.0000,  1.0000, 0.0000)
            (8.5645, -0.5585, 14.0000, 1.0000)>
MESH
Tower
<Matrix 4x4 ( 0.9842, 0.0000,  0.1771, 0.0000)
            ( 0.0000, 1.0000, -0.0000, 0.0000)
            (-0.1771, 0.0000,  0.9842, 0.0000)
            (-1.0000, 0.0000, 23.0000, 1.0000)>
MESH
Cannon
<Matrix 4x4 (-0.4676,  0.3258, -0.8217, 0.0000)
            ( 0.1791,  0.9452,  0.2729, 0.0000)
            ( 0.8656, -0.0195, -0.5004, 0.0000)
            ( 6.0000,  0.8038, 20.0000, 1.0000)>
MESH
Spikes
<Matrix 4x4 (1.0000, 0.0000,  0.0000, 0.0000)
            (0.0000, 1.0000, -0.0000, 0.0000)
            (0.0000, 0.0000,  1.0000, 0.0000)
            (7.8974, 0.0000, 15.8039, 1.0000)>
MESH
Spikes
<Matrix 4x4 ( 0.8454, 0.0000, -0.5341, 0.0000)
            (-0.0000, 1.0000, -0.0000, 0.0000)
            ( 0.5341, 0.0000,  0.8454, 0.0000)
            ( 1.8151, 0.0000, 27.5308, 1.0000)>
MESH
Spikes
<Matrix 4x4 ( 0.9657, -0.0645, -0.2517, 0.0000)
            ( 0.0666,  0.9978, -0.0000, 0.0000)
            ( 0.2511, -0.0168,  0.9678, 0.0000)
            (-0.5240, -0.4050, 27.7760, 1.0000)>
MESH
Spikes
<Matrix 4x4 ( 0.9591,  0.1293, -0.2517, 0.0000)
            (-0.1336,  0.9910, -0.0000, 0.0000)
            ( 0.2494,  0.0336,  0.9678, 0.0000)
            (-2.0775, -0.4050, 27.7760, 1.0000)>
MESH
Spikes
<Matrix 4x4 ( 0.3061,  0.1293, -0.9432, 0.0000)
            (-0.0722,  0.9910,  0.1125, 0.0000)
            ( 0.9493,  0.0336,  0.3126, 0.0000)
            (-3.9507, -0.4050, 25.9849, 1.0000)>
MESH
Spikes
<Matrix 4x4 ( 0.9895,  0.1293, -0.0641, 0.0000)
            (-0.1312,  0.9910, -0.0255, 0.0000)
            ( 0.0603,  0.0336,  0.9976, 0.0000)
            (-5.9541, -0.1966, 23.8678, 1.0000)>
MESH
Spikes
<Matrix 4x4 (0.8233, -0.1923, -0.5341, 0.0000)
            (0.2275,  0.9738, -0.0000, 0.0000)
            (0.5201, -0.1215,  0.8454, 0.0000)
            (3.7720, -0.2365, 23.6621, 1.0000)>
MESH
Grass_3
<Matrix 4x4 (-0.3677,  0.0000,  0.9299, 0.0000)
            ( 0.0000,  1.0000,  0.0000, 0.0000)
            (-0.9299,  0.0000, -0.3677, 0.0000)
            (-3.1390, -1.0000, 19.4286, 1.0000)>
MESH
Grass_3
<Matrix 4x4 (-0.9386,  0.0000,  0.3449, 0.0000)
            ( 0.0000,  1.0000,  0.0000, 0.0000)
            (-0.3449,  0.0000, -0.9386, 0.0000)
            ( 2.1122, -1.0000, 16.1806, 1.0000)>
MESH
Hazard_Saw
<Matrix 4x4 ( 1.0000, 0.0000,  0.0000, 0.0000)
            ( 0.0000, 1.0000, -0.0000, 0.0000)
            ( 0.0000, 0.0000,  1.0000, 0.0000)
            (-3.2092, 0.0000, 17.0538, 1.0000)>
MESH
Plant_Large
<Matrix 4x4 (-0.0928, 0.0000,  0.9957, 0.0000)
            ( 0.0000, 1.0000,  0.0000, 0.0000)
            (-0.9957, 0.0000, -0.0928, 0.0000)
            (-8.0919, 0.0000, 19.5965, 1.0000)>
MESH
Fruit
<Matrix 4x4 (-0.3830,  0.0000,  0.9237, 0.0000)
            (-0.3780,  0.9124, -0.1567, 0.0000)
            (-0.8429, -0.4092, -0.3495, 0.0000)
            (-8.1242,  0.4384, 19.5903, 1.0000)>
MESH
Stairs_Modular_End
<Matrix 4x4 (-1.0000,  0.0000, -0.0017, 0.0000)
            (-0.0000,  1.0000,  0.0000, 0.0000)
            ( 0.0017,  0.0000, -1.0000, 0.0000)
            (10.2037, -0.9627, 12.0723, 1.0000)>
MESH
Stairs_Modular_End
<Matrix 4x4 (-1.0000,  0.0000, -0.0017, 0.0000)
            (-0.0000,  1.0000,  0.0000, 0.0000)
            ( 0.0017,  0.0000, -1.0000, 0.0000)
            (12.2037, -1.9627, 12.0723, 1.0000)>
MESH
Arrow
<Matrix 4x4 (-0.0162, -0.9999,  0.0000, 0.0000)
            ( 0.9999, -0.0162, -0.0000, 0.0000)
            ( 0.0000, -0.0000,  1.0000, 0.0000)
            (15.0000,  0.0000, 12.0000, 1.0000)>
MESH
Cloud_3
<Matrix 4x4 ( 1.0000,  0.0000,  0.0000, 0.0000)
            ( 0.0000,  1.0000, -0.0000, 0.0000)
            ( 0.0000,  0.0000,  1.0000, 0.0000)
            (15.0000, -7.0000, 12.0000, 1.0000)>
MESH
Arrow
<Matrix 4x4 ( 0.2950, -0.6027,  0.7414, 0.0000)
            ( 0.9554,  0.1947, -0.2220, 0.0000)
            (-0.0105,  0.7738,  0.6333, 0.0000)
            (19.0000, -4.0000, 12.0000, 1.0000)>
MESH
RockPlatforms_1
<Matrix 4x4 ( 1.0000,   0.0000,  0.0000, 0.0000)
            ( 0.0000,   1.0000, -0.0000, 0.0000)
            ( 0.0000,   0.0000,  1.0000, 0.0000)
            (21.0000, -14.0000, 17.0000, 1.0000)>
MESH
Goal_Flag
<Matrix 4x4 ( 0.8606,  0.0000, -0.5094, 0.0000)
            (-0.0000,  1.0000, -0.0000, 0.0000)
            ( 0.5094,  0.0000,  0.8606, 0.0000)
            (22.1649, -8.6940, 18.5313, 1.0000)>